   57.8827    42.9417    53.1127    54.2670    40.1385    38.2414    39.2002    45.6631    60.6685    51.3550    45.4341    49.6272    37.8921    39.7575    59.8445    66.7833    48.4907    50.0773    61.9684    52.3499    63.3135    58.1236    59.5993    41.4482    66.9747    47.7304    31.9965    45.3656    37.3413    46.2721    41.3046    50.9113    36.3331    48.6702    52.1040    63.2708    55.1948    37.6272    33.0989    44.9215    62.3779    68.3624    49.9868    48.0675    50.2508    32.2340    45.3060    62.7472    47.6026    46.0822    43.1765
   48.7343    44.7814    37.2049    36.2726    41.5145    68.4283    37.7715    55.1468    52.7802    43.6423    33.8159    63.2681    50.9494    65.8241    30.8535    47.8997    33.9243    56.0627    58.0865    71.2485    50.9923    48.9217    54.2740    52.4014    42.0257    62.0484    41.7778    53.8378    57.5508    44.9302    53.9374    39.7712    52.8971    60.0778    69.2981    55.1656    58.8089    46.5993    46.4519    51.8971    43.9681    55.8548    38.4317    43.0126    44.3824    30.9817    53.2032    47.9127    69.3142    35.7555    42.2535
   40.8416    44.2436    40.1643    41.9561    34.3945    43.4835    44.8956    58.6558    32.7573    49.9779    42.5887    53.1923    47.3604    36.7414    30.3808    48.8748    53.9732    66.9978    59.5885    49.6983    53.7547    58.2190    47.2623    26.7095    55.2193    48.6943    67.8445    66.2038    57.0192    46.6745    61.9963    66.7149    42.1456    48.1866    52.5469    55.5423    68.6970    43.6701    37.9927    47.1693    41.3126    60.1455    52.7556    58.4701    42.2553    53.9472    40.2467    53.3810    53.6931    41.2979    39.3635
   41.3995    42.4043    53.6471    32.0130    50.4817    48.1009    35.7727    47.9126    40.8928    36.7491    47.6703    33.7052    47.1968    65.9689    48.5367    51.5892    55.1973    64.9363    58.8500    53.0802    67.6637    46.9096    47.0133    65.7197    56.9430    54.2883    67.0025    55.7994    54.6434    62.3104    57.4278    49.3438    44.5952    42.7134    53.4450    55.7675    48.9342    59.9769    35.2674    66.9748    39.6316    46.4717    65.0761    35.9389    62.9452    54.2513    55.9325    40.5516    45.1808    34.9791    39.4212
   36.7845    55.4909    45.2403    46.4642    42.6482    54.7249    17.5702    36.5957    44.1688    29.9757    30.6172    57.1876    54.0056    62.3098    41.8672    38.4098    45.8282    23.0874    60.5544    54.1862    63.0852    45.0544    67.0744    64.5345    47.9138    71.7028    65.7172    64.9412    51.7054    41.6002    64.2193    60.5458    57.8168    60.1826    69.8297    25.3237    46.5543    58.4873    40.3644    56.4094    56.7331    37.4309    41.9673    32.1779    39.2107    42.1899    43.0809    28.1486    40.7735    30.1848    38.0308
   32.4791    40.1263    30.5357    30.6628    43.4637    41.0085    32.3348    25.4203    37.4517    38.2281    38.5614    42.1093    64.3856    61.4671    60.8365    47.5539    54.8460    49.5418    63.3246    52.1365    42.5413    50.6079    48.2462    76.2635    34.7540    67.4016    80.1265    60.5611    52.0764    59.1711    75.5359    69.2410    70.6554    42.4937    56.9097    53.8171    65.7985    53.4448    61.3949    56.9564    38.3726    39.5263    47.9190    47.8204    59.0586    43.0520    39.5065    32.0078    20.8200    32.5681    36.0902
   35.8058    24.6713    33.6148    36.0759    32.3474    35.6591    30.1975    48.8313    45.2449    38.3305    43.1600    30.4267    52.1482    41.2270    64.6466    58.3318    44.8723    50.0457    52.8036    76.1425    57.9033    41.9380    52.7752    64.8198    53.3507    67.6350    68.4054    94.1116    62.8188    70.9327    84.4205    39.9470    54.0421    67.1078    62.2647    48.7663    58.1507    50.9580    57.0643    52.3601    52.2574    35.2399    37.2493    35.1644    39.0203    32.9044    25.9673    45.2124    38.7052    23.6357    38.6120
   31.6598    29.8385    31.0633    32.0212    46.0217    38.1043    38.2635    44.9627    46.6258    44.7386    49.4905    60.8900    59.2388    58.4408    51.5023    55.7243    51.5815    63.3401    49.7489    98.6387    55.3417    55.9417    70.3440    66.7642    84.1065    81.8099    85.7851    83.1345    82.6947    43.6961    73.0638    50.9809    67.0398    54.1684    79.9056    36.9988    50.6699    58.5509    47.9063    35.0544    40.4750    50.2275    24.3392    40.4269    39.1629    24.1916    39.6837    21.5810    26.1166    37.3934    32.7325
   27.8178    27.3909    28.1513    20.8043    41.6669    35.8168    35.0363    31.6493    43.6712    28.6044    44.8702    52.1468    37.0629    52.8185    51.0421    56.2433    69.7445    57.4464    47.5818    81.9722    81.8201    78.1349    63.8786    58.7304    67.4357    77.5063    65.5467    86.8018    74.8978    68.4197    68.0484    80.4396    56.0656    64.0020    56.8819    54.5840    25.4488    49.9183    57.0183    54.0634    54.9060    28.4849    49.1626    36.9561    31.4442    25.8075    22.4217    34.0784    24.7425    26.8653    23.0925
   23.6444    27.7860    26.9561    26.9970    33.6788    31.0815    40.1428    29.5896    43.4822    27.8392    52.2493    37.0381    60.5671    47.6712    44.5518    39.4298    82.2230    55.0883    84.8585    67.2621    54.3514    72.4475    85.3646    77.8104    85.7279    83.0386    96.8902    90.0137    85.1833    94.4143    58.9018    76.9429    63.0401    68.8842    53.0362    56.7312    55.0765    61.0622    49.3189    35.5091    23.2066    38.7087    31.9255    34.9948    26.9150    22.6758    27.1572    19.7553    19.5702    32.8591    20.8986
   21.5069    22.2556    18.8608    19.3170    14.2892    33.5971    33.5008    33.8259    28.7754    44.2853    49.6607    58.4264    57.8410    48.9297    53.0429    71.3049    58.4166    79.9218    77.8233    85.0063    62.6020    77.9332    76.9146    85.1249    88.4322    86.7983    77.2216    73.1542    79.1968    74.0324    77.0375    66.8314    70.6938    60.5637    56.3281    65.0217    55.5558    58.1883    50.6610    53.6106    41.8262    21.5994    28.6796    34.4323    32.0178    20.3550    19.2916    24.4184    23.7544    20.8772    11.8381
   15.8540    21.4635    19.9642    24.8030    18.0043    30.5579    21.2291    32.3982    25.7825    24.1335    30.4855    44.5005    46.5249    54.8818    62.1061    57.2307    53.3830    84.1830    61.9532    71.0963    93.9323   111.0640    75.1160    88.7595    96.7838   127.4177    76.7257   101.6441    69.9617    76.5202    65.6186    52.7484    77.0128    66.5445    48.1603    62.8481    39.1350    54.7948    41.0092    36.3826    45.3548    49.7658    43.3487    35.2895    27.0045    32.6182    27.8235    14.9563    19.5206    18.5465    18.8067
   13.2008    18.9272    20.8942    15.3329    14.4399    21.8105    14.2016    34.5730    40.1578    42.0185    46.1760    45.7204    39.7035    58.9567    78.0201    35.2925    65.5781    82.2345    68.1221    87.8319    94.8525    50.8189    81.3528    92.4285    93.6917    50.1916    68.0712    99.1203    67.7366    87.0749    78.4174    52.6075    51.2762    55.2984    44.8864    69.0250    47.7007    54.5966    56.3344    33.5147    32.3817    35.4526    27.5668    34.4011    26.7361    27.1289    18.7912    17.5086    18.4792    15.2489    17.4435
   20.0929    17.5130    13.8208    21.4849    14.6710    18.9850    24.2713    28.0321    28.9343    35.4798    34.2030    46.7005    28.3012    45.5369    47.9413    48.1378    87.8918    85.0655    95.3575    68.1627    63.3575    91.2757    85.9176    89.5712    53.5160    91.4794    67.7192    79.9075    88.0804    87.0923   109.6910    72.4569    65.5054    89.1269    57.8552    53.2850    69.6538    52.0555    59.8310    43.3704    48.8873    25.0312    22.9231    30.4382    23.8477    19.3948    13.3053    15.7536    11.8843    16.5238     8.2164
   12.2513    11.2140    13.9564    15.7096    15.8276    18.3041    25.6754    18.3017    27.0522    25.8213    41.7627    37.1548    55.7306    45.2595    72.5087    66.0263    78.8992    61.5369    79.5413    64.3398    61.1212    97.9659    97.4034   117.6895    80.8159    73.1287    80.6464    67.7203    89.5417   101.4537    72.2361    74.8149    59.3287    87.3123    70.0656    53.7610    68.9661    65.6790    41.3071    47.3066    37.8307    22.6926    26.8804    27.4445    13.5992    28.5758    15.2722    14.4706    17.0079    12.1431    10.4582
    9.2651    10.7781    11.0478    12.0751    16.3717    16.6287    18.5396    29.8417    22.3501    48.0382    40.5225    44.2872    33.0600    41.4302    59.3688    81.6225    44.2338    68.4441    56.7646    73.4612    77.7766    90.7442   105.2824    98.1767    96.2441    84.5274    88.4705    70.6598    86.4174    98.7766    92.0874    80.6005    91.8308   101.6444    47.2869    76.9905    70.7534    33.0817    50.1688    31.9245    39.8808    33.5854    32.4977    20.0938    19.9457    18.5262    16.6506    11.2905    13.4219     6.4648     9.8938
   10.8604     7.3192     8.5252    10.9034    11.8195    13.9624    24.5852    26.5550    13.8433    34.4831    35.8401    45.1591    35.4449    52.0247    53.5549    45.6100    62.7622    94.4234    70.5528    81.0990    84.6295    89.8668    85.7112    67.6136   100.7933   100.3443   100.8075    81.6397   103.6796    95.8672    92.2801    93.9995    82.1643    51.0036    73.5304    93.3939    61.7350    59.6001    41.7668    36.9168    36.9272    27.1955    26.5558    24.0154    27.6499    19.8190    12.3224    14.7997    10.4747     8.1195     8.7225
    4.0425     7.7278     7.1042    11.1537    16.9005    16.6357     7.9000    22.7249    39.5149    28.4884    28.8126    32.0143    45.8083    41.0061    55.4939    59.0721    64.5875    84.6443   108.8879    68.2943    68.4175   117.9714   108.5255    75.1464    79.8349    45.5356    70.9407    67.7038   110.6952    96.4652    51.6942    73.0496    72.4362    73.4968    52.5405    65.9051    48.5716    37.6703    35.4039    39.6182    28.4395    29.1390    28.5135    26.5857    17.8377    14.8113     9.6515     9.4162     6.2242     8.5353     4.9591
    4.7723     5.2685     6.8524     7.6769    10.8958    13.8000    23.9334    23.0360    26.1672    28.3727    51.0973    50.2723    48.5898    71.8437    70.0339    43.9044    70.5456    68.8427    87.6780   126.9497    81.7962    73.0044   121.3368    76.6347    94.2366   110.0265    74.0414   117.9967   102.9120    93.6292    89.2384    67.7340    55.1719    88.2858    56.8266    73.9374    70.4331    46.1421    50.1572    49.8813    37.8638    24.9918    25.8737    13.1402    15.7686    14.9271     6.3244     7.5815     5.3048     6.1145     3.6046
    3.4134     3.7236     5.0056     6.5328    11.5454    14.3185    10.6460    23.5020    20.6908    37.4355    47.1740    58.3737    45.0137    39.8613    57.4085    69.6321    49.5213    80.9309    66.1086    79.3814   100.2822   127.3576    90.1287    77.5626   105.1817    61.4964    92.0654    85.3474   130.2407   101.5193    94.2956    61.1158    91.9481    58.8613    58.5363    73.9947    62.4847    48.5187    47.6567    36.6279    37.1528    30.3977    25.5773    23.8261    22.9264     9.9593     6.8058     6.3867     5.9731     4.0799     3.8199
    2.6340     3.5591     4.9509     5.7931     8.1881    13.2517    16.4372    11.6480    31.2400    31.9405    47.9900    40.5852    42.4136    41.1371    76.5796    66.5114    43.5278    57.3394    90.3920    73.3563   112.1220    69.6097    71.7626   144.9567    46.9514   101.0668   108.2278   106.0526    69.3526   132.0676    53.5470   108.6327    65.9583    79.5175    41.9880    54.0586    77.5747    56.1160    43.3281    24.9089    48.1800    27.1598    31.6253    19.8677    14.0488    13.6788    10.6564     5.1741     2.2148     2.7192     2.1608
    1.7812     2.4357     4.3289     5.6892     9.1032    10.8965    12.9199    14.3033    25.5411    31.8705    32.8785    42.2148    54.2426    44.9067    43.3422    79.4414   101.4869    83.1082    56.5306    96.5579    95.3697    87.1466   130.4493   121.8948    96.7803   110.7415    80.2100    86.2133   102.6327   104.7112    91.3654    97.3575    66.3180   109.8640    81.4780    70.1465    73.4858    48.8647    27.1595    39.2469    33.3773    40.8737    21.0046    18.7010    15.2874     9.5618     9.8331     6.3152     4.1766     2.5740     1.7548
    0.9838     1.3454     2.4541     4.2730     5.3189     9.1622    14.3248    23.2820    21.4429    22.8893    36.3793    39.5616    47.0746    66.2991    78.0507    57.1441    58.9756    90.8317   106.0982    87.6995   103.9096    86.9151    79.7357   109.2995    91.4471   117.1978    87.7901    94.4420    69.0058   112.9410    79.0664    73.2133   111.8486    73.3266    82.4874    59.1549    49.7181    41.3017    63.1279    30.7148    29.8622    20.6273    34.6769    11.9474    12.8076    10.2359     6.3140     4.3146     2.6134     1.1387     0.7217
    0.4582     1.0881     1.9533     3.9600     7.0513     9.0870    15.6784    21.2107    27.6654    37.2169    45.1397    51.0061    39.3109    44.1966    47.4617    77.3603    73.5744    69.5933    68.1232    93.7754    76.3297   105.9165    98.5981    83.5600    97.5496   107.9050    96.8965    94.0701    99.8312    88.9567    68.8096   110.1434   117.1506    73.2609    92.7924    48.2954    57.6336    41.0190    56.0765    36.6714    33.0774    25.7230    14.4054    14.3857    12.7542    12.0673     6.6715     4.3421     1.4005     0.8164     0.4139
    0.0848     0.5406     1.5745     3.2487     5.2505    11.9693    12.6807    22.2548    23.6924    29.2607    41.0155    26.7096    38.8978    48.7479    50.2917    78.7105    92.9307    59.4741    77.2765    87.8528    75.1703   130.6437    66.6112    62.3727    73.0736   110.9595   105.2141   128.4974    95.1717   109.6336    91.0710    97.5019    46.0498    64.7424    70.3639    64.1881    49.1563    35.5991    56.3307    36.2487    38.3327    16.9706    14.7834    17.3981    10.9772     7.0224     7.9770     3.2899     2.2051     0.3682     0.0778
    0.0000     0.2938     1.0347     3.1416     7.2582     9.9929    15.4940    14.2069    18.2265    14.4333    39.5658    41.1901    44.5326    44.4139    72.1759    78.0364    73.8451    73.6255    54.0796   117.9285   102.8253    80.6491   115.7862    72.4440   110.8626   103.6987   123.9665   103.0111    87.8964   106.9811    86.5763   108.6797   126.1963    86.5083    74.9686    59.9602    45.3293    51.4110    52.2045    45.3856    31.2218    20.8368    22.8039    15.1588    20.0736     7.0287     4.2059     1.6945     1.9682     0.2906     0.0000
    0.0920     0.5237     1.9195     3.8525     6.3699    12.0131    15.8741    17.7176    33.0545    23.0338    43.3174    28.8923    60.9927    58.8295    52.9353    71.4363    78.4116    51.6628    92.5426    79.4787   101.6318    63.6212    91.1679    56.9250   112.1829    83.3976    72.7290    92.8887    89.3435   110.4825    89.7482    73.3497    82.8842    94.0230   101.9796    42.6077    58.6909    57.9502    36.9363    40.4907    28.3173    30.0956    28.4007    22.4383    13.1446    10.2873     6.0351     3.6597     1.7165     0.6177     0.0745
    0.4231     0.8541     1.9729     3.3555     5.2190     9.9507    12.6234    18.0271    27.4905    26.1328    37.2262    39.0390    43.0860    56.2242    60.5605    60.9265    74.9735    86.9205    80.5868   118.4359    82.1824    42.2330    99.9140   125.8157    90.2538    89.2061   105.1210    57.1033   134.7616   100.6704    87.7358    86.5267    76.6429    54.3228    78.2398    53.2721    65.9968    58.8547    39.8628    53.4798    30.7985    23.8026    20.6423    16.9654    14.0085    10.9307     5.8732     4.5812     2.0563     0.7131     0.4714
    0.7961     1.2153     2.5142     4.3749     6.6319    12.4063    15.3347    15.5902    30.2148    38.9736    38.3076    31.1820    30.4545    46.0736    81.2192    40.6457    75.7450    55.0785   100.9013   117.8929   127.3334   103.5592    77.7160   100.7176   115.2163    75.0004   107.8353   117.5059   123.2486    63.2264   107.3869   100.4555    87.7136    81.0293    44.6615    73.6349    55.9990    62.2757    49.5886    37.4854    35.7305    20.4985    27.1539    20.3243    14.4232    12.5859     9.2109     4.7354     1.8979     1.2657     0.7415
    1.5774     2.1102     3.9192     3.9494     8.4886     9.6683    16.2205    18.4053    21.1258    35.0136    40.7077    35.4683    27.9061    68.7555    61.3028    65.4798    58.4203    67.7936   107.0840    75.8295   107.4122   123.5134    76.0954    59.0486   123.3553   130.2275   101.9886    93.3695    94.1947    96.7816   100.2662    77.6104    88.4679    77.9561    67.8312    65.6150    73.5638    49.5776    42.4019    33.8363    34.3369    12.6027    20.3990    17.5454     9.8103    10.7989     5.2231     4.8325     3.5239     1.9589     1.7808
    2.2610     2.3587     3.5837     5.3824     7.2823    15.1653    17.1022    16.6147    20.3026    28.5006    38.8234    38.3966    51.0480    49.1790    62.8442    51.0148    65.4533    84.6029   105.4897    78.9478    85.3201   110.1433   101.1734    98.3894    64.7360    83.2934   120.1227    93.2233   125.7047    99.6575   116.2827   154.2682    68.0367    79.5345    87.2857    46.7519    83.5314    41.8657    42.7224    40.0703    40.2017    22.2985    22.7176    19.0971    17.2238    10.1545    10.5502     5.0369     4.2600     2.5026     1.7267
    4.8882     3.4179     3.5035     6.0076     4.0481    12.5345    13.6438    27.5781    20.6286    25.5920    27.6221    46.3787    43.6208    52.9910    58.9088    54.7157    74.8113    76.3148    99.2436    91.7491    63.8746   108.3835    73.5322    76.1511   114.4278    60.7747   142.8498   108.6730   111.0172    92.7929   108.6557    95.4691   113.5552    85.9792    74.7974    53.4490    56.4223    61.3664    49.9105    43.7228    45.1838    33.3000    29.3129    30.8424    16.3885    12.3808     6.4925     9.0242     6.2039     3.9856     3.1224
    4.9318     5.2260     4.6413     7.3080     8.0708    14.2084    20.8244    21.1778    28.9282    23.5557    34.3575    43.2329    46.8439    41.7175    61.5589    67.4005   106.2243    83.0302    48.5570   102.0275    92.6309   139.7827    81.5804    91.7401   134.6318    71.0832    94.1596    70.8296    95.8682   125.8785    98.3397   114.9666    86.7173    58.2330    65.7834    78.0516    60.8361    71.4562    44.9797    39.6252    40.4582    29.3681    25.1975    18.1552    14.1201    15.2553     8.6495     7.5300     7.6417     5.5736     4.9120
    7.4690     5.5764     8.3214    11.1651    10.3286    12.3571    17.1446    21.7871    30.4160    36.6309    29.5582    49.0305    49.1938    55.6812    74.1965    58.8513    54.5175    68.9933    77.7973   104.8773    86.4763    87.2788    81.0500    74.9895   129.0809   108.9606    91.6108    74.5638    89.6694   102.6581    84.3923    67.5496    57.8364    78.3454    65.7948    52.7634    32.8672    54.7169    65.8604    32.8677    40.1529    41.1541    26.1689    19.0231    17.6712    12.1574    11.2451     9.1635     7.1886     3.7652     5.2168
    9.4111     6.0638     9.6174    12.1283    11.1270    15.6085    26.6158    27.6384    28.4494    36.0968    41.9073    39.2525    37.0671    49.6186    54.3305    45.3132    60.1694    79.7035    80.6889    76.9220    43.8166    96.5524   120.4237    76.2883    77.9717   102.6391    52.4907   106.5693   124.9356    57.3602    64.4730    77.1834    44.1835    67.9476    69.0884    71.8758    65.1125    54.0089    55.7172    38.0801    38.0510    37.2673    31.2537    18.3596    15.3017    12.2617    18.7817    11.6018    10.1314    10.0275     8.4632
    6.8772    11.2488    12.7848    12.8240    17.0140    20.7386    25.5593    27.9140    37.5074    36.3812    48.6017    27.7948    55.0646    48.4341    58.8027    68.3892    86.9389    71.1631    82.8679    68.8989    55.2970    93.8819    70.0347    92.0404    93.2246    90.9989    79.1298    79.8082    85.9945   120.1123   106.2754    38.6447    78.2886    66.4709    58.1594    63.6543    58.9594    59.9545    52.4226    50.3330    38.9358    38.2398    25.6556    28.0585    26.4209    18.9500    18.2417    10.9855    11.8598     7.2261     9.2225
    9.3558     7.3951    13.7922    14.9890    13.8067    21.7027    33.0917    22.5997    28.1657    34.5289    45.3857    38.4884    40.4353    28.3991    54.0064    69.1448    49.6661    38.0881    37.5146    84.3807    90.9516    73.5021    91.7005    81.3392   101.1229    88.8945    83.4471    98.7568    98.8847   117.7703    91.1469    97.4394    90.6043    90.7805    73.7551    78.7806    53.9640    53.8616    45.4726    44.7072    53.8388    23.8094    39.8785    19.2310    19.7301    15.8207    15.0798    14.8712    12.3461    15.4519    12.4665
   13.0454    12.1628    16.0103    14.1012    19.7381    23.7063    17.0201    23.0769    40.2180    30.7936    32.7727    47.8230    60.0065    64.2128    59.6130    66.3817    76.1728    73.2145    61.7476    59.9172    90.9283   102.3022   113.4012    96.9160    78.3063   112.1097    89.2648    54.0331   100.8778   105.2813    66.3329    71.5214    86.0785    77.0295    62.2121    68.5617    53.5331    69.2903    60.2023    42.3452    26.5128    32.8736    15.9761    24.6829    22.7232    22.1382    17.0422    20.4101    22.7970    15.2572    12.9720
   15.4988    11.2512    19.5893    20.2578    14.7943    20.4266    38.6535    29.7886    32.9047    20.6247    41.8762    44.9143    48.4677    59.0714    45.3857    68.4773    64.6625    69.7889    73.5010    89.4847    62.0320    91.9855   114.2531    77.5457    98.2980    78.0865    79.0461    93.1911    80.0885    66.0384    60.7644    72.6218    67.9007    84.3271    85.4646    55.5163    77.5461    41.7599    42.0738    57.1363    43.6774    38.2609    30.7754    23.1578    28.8307    18.3787    23.4324    22.7057    10.5391    10.5205    13.5095
   17.0988    21.2325    14.4034    24.5777    24.9982    24.8008    32.3716    29.7157    42.5260    35.6841    37.8455    39.1387    51.7765    65.2125    62.3489    50.6075    53.1189    54.2449    58.5568    71.4382    73.8528    93.4340    72.0033    57.2224   105.5449    83.8071    69.9574    82.0105   101.6969    86.7116   101.0095    65.2009    71.8819    68.7936    86.9067    56.9887    73.6141    42.2876    50.6519    45.0062    29.6232    27.3272    24.0950    23.1287    27.5579    24.7708    23.4608    16.9378    21.2757    15.3168    16.5991
   17.6667    23.3040    17.7119    17.4380    25.9918    27.9930    32.1795    28.4917    37.4719    37.2867    47.9748    66.5902    44.3939    60.4678    64.9386    57.8594    66.0071    72.5174    66.8167    52.9299    55.4877    59.0760    83.5769    82.3404    99.8438    77.0907   100.7421    64.7197    42.3425    61.8206    66.7824    44.4359    64.4461    74.2373    58.8483    60.7626    63.5270    56.3312    54.3282    41.8303    25.2951    30.3395    34.7194    42.3376    36.7584    19.9085    24.6039    27.1255    15.6336    22.8190    19.4882
   20.8422    17.6828    20.6649    23.0697    18.9205    30.1776    21.3891    23.0276    35.6373    25.5328    42.4284    54.5777    41.8746    31.8392    61.9196    63.9814    60.9820    62.9486    61.4682    64.4426    81.1949    83.9218    98.3296    73.7258    91.5328    78.4101    84.8365    81.2174    66.7130    75.8893    54.7608    73.4633    70.9392    65.5185    79.4329    53.1921    43.1341    64.5569    57.2551    37.7760    49.5204    39.0477    19.6224    37.1972    38.5524    28.4157    34.3824    22.4007    20.7208    19.1151    25.4663
   37.2200    20.1247    29.6684    19.3424    30.0433    27.0015    35.5166    32.9674    44.5269    54.5097    40.9736    41.0492    52.4833    32.6915    49.5996    61.1845    49.8069    53.6429    77.1383    61.4092    73.9143    57.5424    80.5510    73.8345    78.2168    78.1916    66.9437    66.5762    68.8644    72.6005    61.8108    69.6566    94.1143    39.0437    58.9931    63.3227    61.7647    59.6589    50.5118    49.8687    47.7025    42.3321    36.9653    32.2019    34.0019    35.3646    23.6553    33.2792    26.1823    19.1557    17.4402
   24.0202    22.5368    29.0874    27.0595    35.9268    31.8848    26.3656    53.4578    22.6305    40.8000    41.8014    59.8325    41.7726    68.3025    63.9010    50.9950    70.6589    68.4268    72.1888    62.9304    63.1173    82.5106    64.2526    79.4150    46.9958    83.9023   114.9205    91.1267    82.2155    50.4284    53.3358    56.1403    55.3429    40.8413    65.7538    69.9986    49.7556    54.8134    57.3932    31.6982    59.8782    42.5213    40.6785    25.3730    40.8211    34.9287    25.0715    23.5800    32.4307    23.9514    21.5161
   34.1038    31.9366    31.4856    25.1836    33.5840    32.8553    30.3541    41.9544    34.2113    62.3429    45.9872    61.7967    43.6051    45.2096    69.3981    68.7706    54.7596    72.0766    38.9196    63.9353    73.5935    65.8915    63.3010    47.9074    61.7198    87.3191    71.1681    66.6587    57.2154    73.2621    85.0158    64.7970    79.3716    43.3273    45.6336    67.7586    55.7480    46.7656    47.0802    38.7148    34.7497    45.3253    55.4501    39.4080    60.3921    35.4234    22.3621    28.5645    36.8645    32.4934    31.6198
   32.9549    37.5902    38.8652    26.6919    45.4557    27.7708    32.0229    41.3855    35.5381    27.5324    31.2127    64.0317    42.7664    57.2546    23.4336    59.3473    46.3913    34.7063    55.8328    75.6295    74.4071    42.1525    40.5933    57.5874    34.8892    56.4756    48.9669    75.3760    70.9206    59.7692    79.2312    52.8783    64.8306    54.7686    70.2499    63.3363    72.8760    43.8075    48.7935    36.0901    32.2131    52.4684    22.7415    30.1651    39.7029    34.6667    55.8320    38.8919    35.2071    33.8332    33.3632
   40.1632    29.3726    35.7637    34.1139    31.6414    31.7814    40.0871    46.0336    54.4062    38.1138    48.3002    52.2974    69.5258    51.1611    47.4831    40.4336    70.7541    55.6927    38.7873    73.8271    49.5417    65.1637    57.3542    62.4453    52.0304    48.6503    53.2778    44.3507    80.3648    55.5574    47.4966    77.4098    48.5073    76.8740    56.5497    31.7191    41.4244    36.7700    51.9327    50.0074    34.2368    33.3862    43.0946    59.4687    26.7247    27.9302    35.2887    37.5300    38.4140    31.6933    25.2719
   35.4201    29.7091    33.0966    29.6351    50.5560    35.8885    41.9414    41.6593    47.4063    50.5041    41.5003    41.1116    37.8158    65.9915    50.3163    66.1105    51.6391    48.1380    41.2147    50.5385    59.8705    84.9117    83.9946    63.4320    52.5145    59.5957    70.7384    33.6658    67.8477    56.4180    56.8662    78.3658    58.4061    68.7792    54.5468    61.0093    46.2876    47.6241    31.4018    52.4870    54.1085    51.4309    52.6550    46.7625    39.0890    44.9801    48.4911    42.4257    37.4665    39.6869    48.2665
   44.3268    42.8477    32.9377    34.8376    43.7615    34.2868    31.2218    31.9975    34.1602    56.8077    48.4071    64.7555    57.4736    37.8541    53.3398    50.9903    63.3490    51.5502    41.9888    63.1955    35.3129    64.3120    46.4095    63.7986    67.2644    49.6027    59.1782    57.9955    60.7960    67.2744    52.4099    62.7224    64.9067    53.2660    36.6100    60.8143    57.6403    36.4749    52.1806    56.5418    37.4305    32.4161    47.5539    40.6566    37.1100    31.3483    47.1535    49.5099    38.0159    40.5869    53.3897
   82.5060    57.5949    44.7262    49.1767    45.4878    43.9606    48.7339    55.0476    36.1800    42.2574    39.3071    50.7614    60.2696    38.8612    56.1956    35.0951    53.5963    32.3725    53.2979    46.7714    46.1286    50.2624    45.5308    38.7593    52.4450    55.4217    42.0388    38.2922    42.1073    35.1654    56.7008    52.7885    59.2577    55.3074    42.7075    56.9331    41.6235    72.0166    36.6746    53.2436    38.1757    18.5520    51.0217    32.0526    46.9978    50.1627    44.1120    35.3917    41.7348    46.6295    57.7225
   41.0618    50.8305    44.6180    63.5403    40.5647    54.8882    30.6769    50.6345    65.4715    50.7017    60.2140    43.1757    62.2955    53.6706    51.0456    47.0253    64.2692    52.4045    49.9732    50.4830    49.9805    40.4661    47.0931    43.0935    57.2647    43.0321    42.4378    38.5427    46.1166    50.8929    44.7188    53.9031    55.3627    60.2171    57.4975    62.9552    39.2628    46.4833    45.2083    61.3563    54.8071    50.0465    57.5744    41.5207    62.8640    52.0172    45.5932    41.8649    81.4550    52.9849    41.3262
