   46.5887    54.0303    35.4267    48.0900    48.3624    59.4985    55.7755    25.2140    55.8182    50.6136    53.5197    43.4687    66.2010    51.7409    59.4952    29.6654    42.3730    55.9302    48.8592    49.6801    42.6178    46.7459    35.3984    60.6471    47.9655    65.2489    59.6428    52.0325    55.4578    51.1832    37.0565    40.4598    48.4978    48.7877    50.6330    65.8958    49.7221    53.7477    46.1884    51.6166    55.9789    45.8879    43.6107    35.1190    41.3954    43.7617    45.7281    38.7497    59.8424    50.6773    59.7164
   45.9264    40.1834    45.4104    61.6625    34.3842    41.6602    32.8030    52.1758    63.0653    45.5464    60.4622    48.0582    55.9384    49.5987    39.7378    61.6012    35.6282    64.4680    55.3586    36.9354    45.4522    56.9158    50.7580    41.7676    51.0557    46.0364    48.7916    53.6886    45.9141    64.2167    33.0366    48.4996    44.1061    50.6617    46.1975    60.4689    50.6262    43.1242    55.1806    48.9816    66.2460    54.3684    54.0099    51.6729    46.4703    50.2272    43.3294    40.2732    55.6941    57.8688    50.6404
   40.0649    58.9533    41.2611    42.3869    51.3756    52.7134    56.3078    45.7380    55.2584    39.1289    58.7234    46.9442    33.6727    55.9716    64.7945    61.0148    60.1071    48.7722    35.9183    63.5019    50.2042    62.2298    52.9541    42.0621    65.1094    54.8741    46.5859    70.7223    47.0347    68.3276    46.3299    38.6060    60.1164    80.3994    57.7262    55.4148    49.3822    55.6135    50.0282    42.6940    45.2278    38.7240    50.5488    42.2130    49.5710    40.0574    51.1998    54.0949    53.8901    65.5847    60.1194
   39.1364    30.2276    39.9251    40.9308    40.9474    35.4782    37.3372    40.5467    42.1479    39.4860    55.1624    32.6299    68.9148    42.7044    51.6305    45.5965    56.5994    60.0125    47.5756    40.0472    57.7051    59.3428    64.0781    76.0586    46.2068    46.7845    53.1082    85.3976    51.0956    59.9126    45.2214    63.5446    68.5341    67.9620    59.6078    48.7883    57.8565    45.7178    29.7155    55.4803    51.4223    41.8011    37.7675    30.3227    31.7690    53.3250    39.8648    39.0512    42.2563    47.9275    40.3303
   35.3879    32.4175    43.4750    32.5861    45.3359    38.9525    43.2656    47.5108    47.7438    47.7042    63.7499    62.8746    53.4213    55.4620    47.0771    45.0868    52.0810    59.2772    63.8932    72.5531    55.2442    56.1793    46.7851    64.3219    73.0965    70.3851    39.3038    48.8420    46.4937    66.4373    60.1864    76.9404    37.6695    51.2091    67.0638    53.6495    52.0344    50.0063    71.3823    44.9053    51.3619    40.9916    56.4638    38.7779    31.4545    50.0769    35.9261    38.1213    31.5576    34.5700    28.2561
   30.7436    31.3299    39.1403    34.7965    38.9955    44.5957    28.7377    39.8146    51.1953    31.2434    49.7922    66.3690    58.8876    49.9571    47.2506    57.0627    59.8741    49.1520    80.2567    71.2335    60.7012    63.5461    39.8539    86.8551    52.0639    87.2147    43.9956    73.2003    63.8462    72.2198    60.6471    51.6749    66.6379    72.4067    74.3006    46.6523    34.0880    49.7873    66.5875    52.3880    45.0760    45.1670    35.6260    33.9550    43.7235    37.6300    54.3974    40.2324    46.3418    43.7352    29.8734
   33.6956    29.1863    43.4782    26.3937    35.0444    27.2345    27.0030    37.0755    45.2493    39.6189    39.9511    63.0607    57.0681    39.7628    59.1128    52.0683    55.9560    77.7557    31.6432    68.0431    90.5950    55.5464    77.2287    59.3150    80.2817    46.3456    48.9075    55.9183    81.7295    80.9631    56.3355    45.2404    70.4973    77.1927    44.3191    53.8887    60.2472    48.6133    45.8235    56.7500    49.1040    27.5379    35.6586    54.9738    31.8838    42.0878    36.1434    34.3709    26.5088    37.6489    27.6391
   42.9502    24.2967    30.0712    26.9684    32.3546    35.9255    24.6779    36.5898    40.6345    33.3311    52.4863    51.5150    58.5555    57.4489    52.6989    39.1979    56.8392    46.3569    66.1305    58.9391    66.7319    69.4019   101.0483    61.7829    86.8695    66.1534    53.2745    86.9446    45.6822    75.6821    53.5680    68.8239    93.1671    87.2404    66.2007    63.2246    50.8410    47.4411    57.1679    37.3156    41.9310    59.4918    39.2330    33.1549    20.1163    31.2051    28.8617    27.6737    26.6217    29.0129    35.9755
   20.2348    26.8090    26.6837    21.1171    38.3021    39.6362    37.2979    32.6763    28.9716    44.1884    48.0131    45.9935    34.9096    69.0432    38.8365    61.7862    56.8158    27.2994    66.9605    55.0010    82.9544    80.3771    48.1444    66.8381    76.3398    77.1486    95.0477    58.9262    72.9495    73.2173    57.1741    82.9225    47.2239    70.2324    49.7330    63.1338    44.1061    54.6741    27.8552    31.9408    36.9543    41.1152    38.1744    34.3661    26.7011    27.5445    20.2387    20.6004    12.4889    27.0490    26.6393
   24.2558    17.7667    25.5880    26.9073    27.4906    42.3503    24.9354    31.6422    25.9565    48.1351    55.6775    30.8371    47.0446    72.0452    57.0554    58.9299    68.9695    73.1295    52.2199    73.1666    64.0024    51.5927    57.1703    76.5472    72.0238    59.4739    84.9504    63.4582    92.3350    86.3624    66.5775    82.1646    70.1870    62.2484    66.6837    55.2107    40.1607    60.6253    51.8085    39.1738    44.0962    38.8901    24.6541    18.6969    29.2500    14.3024    27.5928    17.8115    25.5144    17.5176    17.5223
   25.9100    20.6995    16.7001    23.4698    22.3471    23.8424    26.7237    17.2283    22.9521    27.3482    45.0505    43.6270    51.2667    43.3506    36.7105    63.6773    76.6734    63.6990    84.6312    74.0810    91.9467    64.7507    67.6400    85.7544    98.7113    81.7967    96.7234    77.5680    50.1162    56.5782    83.8816    82.3368    68.5281    61.9168    68.6133    50.1690    55.3061    38.3872    51.7880    30.8775    43.8473    48.0274    39.1974    27.3481    24.1030    24.4609    36.7784    31.1340    22.9170    21.7414    22.2051
   25.4573    19.7172    17.8986    14.1757    29.2585    23.9390    28.7324    34.3188    22.6098    43.0442    43.3911    60.5334    42.3603    44.5804    84.5687    63.6385    70.0126    77.3217    54.1779    85.8486    92.5170    61.1774    93.8790    54.7162    87.0819    90.3249    50.8926    76.7859    60.5372    86.0835    79.5403    73.2567    65.2430    57.4853    52.1382    57.8530    48.1384    29.3181    35.8893    39.0527    29.5181    40.2254    28.9591    33.2798    22.6964    23.0772    20.9524    22.1283    18.1087    22.0335     8.9078
   17.3189    22.1726    17.8228    18.2920    19.4454    25.0214    26.0052    33.0938    38.9571    25.7586    43.9690    35.2799    47.5304    48.0114    60.0501    84.5863    68.4429    53.3756    69.5562    52.6905    70.9260    68.9704   114.3181    76.5242    90.2893   101.1870    70.3822    77.1306    51.8147    62.9663    85.4665    85.3291    66.5779    57.7812    66.8865    62.4850    54.3544    60.6078    39.4807    41.8745    40.2134    52.4361    39.4125    28.1772    22.9666    17.2769    21.3079    14.9589    16.2094     6.7291    18.1414
   13.2964    14.2794    13.9386    20.4990    17.5988    22.7284    24.1988    27.9408    32.4482    29.9066    47.5316    23.9221    50.6097    49.2033    60.9070    62.9074    60.7510    43.6581    67.9159    74.1914    57.4473    76.4784    85.3027   100.8970    84.4741    84.9980    78.3189   117.5991    62.9955    97.9592    71.2379    81.5846    75.1588    71.8085    56.1427    72.9215    46.8734    43.0005    50.9525    32.2821    44.8800    26.1286    28.8469    21.6785    23.5636    15.5939    17.2392    23.8725    12.9783    12.1746    22.3132
   12.9560     9.0140     6.3407    13.0895    19.8589    18.9381    21.9004    28.8931    26.4315    38.8388    39.7551    48.9684    51.9585    42.6739    56.3179    55.6911    40.7120    97.9476    84.2209    77.1374    71.7545    73.9942    89.2543    74.7082    77.7868   103.7900    81.9525    59.9664    84.8772    74.7110    91.5056    85.0567    56.2504    90.9340    73.6183    45.1445    60.6731    47.9112    56.9039    37.0705    25.8256    41.7173    23.0186    24.6097    19.8973    18.9107     7.7854     9.2023    14.1316    12.2588    11.5371
    6.5770    11.1521     6.5077    10.6329    14.7341    17.8828    19.9172    24.7630    34.2076    24.2018    30.2631    50.3084    49.1267    42.0519    58.4107    43.1659    78.0876    79.6407    65.3440    84.8024   109.1239    83.4113    93.9008   101.1780   106.4599   120.1599   110.2641   120.4185   100.5280    93.1560    75.7493    90.3401    46.2514    84.2040    42.1212    52.3866    56.7552    42.0694    29.8786    49.0188    46.9677    23.7925    32.8473    35.7438    26.1008    13.7539    17.1661    15.7677    11.6834     9.4290     5.7724
    6.2898     8.0803     5.8630    12.4616    14.5500    15.8041    20.1728    25.1924    20.8589    37.3648    47.7928    34.3503    54.7198    49.6202    54.5381    58.3101    59.6375    71.0619    56.4332    71.9099    84.9846   114.5092    81.3227    73.2354    79.9049    60.0098    78.1249    77.1989    96.0422    98.6134    79.0326   106.5236    33.3774    47.8415    71.9640    74.3547    66.9816    68.5373    55.2402    34.6004    24.3746    31.8244    29.5258    22.3602    11.3667    16.2817    16.6891     5.9384     7.6450    10.1245     4.9443
    6.9021     5.8219     7.9661    12.6494    13.4067    14.1314    19.5948    20.4318    26.1712    31.8706    32.6831    41.3169    56.8213    59.5289    52.5813    46.7179    61.9212    58.7749    64.5307   106.7459    86.7505    52.5544    57.2970   107.3024    97.7931   103.9354   124.2223    83.0508    86.0471    72.5542    63.1156    65.7400    84.6237    87.1948    61.3444    44.9375    66.3753    30.9551    40.7709    29.9406    30.8340    29.7529    35.5557    25.9084    16.4415    14.5624     8.1618     8.8683     7.7555     5.5586     5.7499
    5.4430     3.6745     7.5932    10.8340     9.0587    14.0656    16.9411    20.3438    20.0240    28.0076    40.7895    47.7859    38.2982    54.1907    64.7689    81.2331    76.2331    43.8960    68.3853    71.1172    78.9501    81.5012   110.8711    95.3557   131.6535   103.3137    90.2584   108.9270    81.0802    80.2994    84.1971    60.8986    71.9786    59.8421    58.0211    57.1625    39.6208    47.3774    47.2020    54.3683    46.0451    29.1352    24.7245    26.2675    17.9000    10.3048     9.5622     7.4102     4.4438     4.8460     6.2891
    4.0797     4.8197     5.0575     6.7999    11.3250    11.5353    17.1406    17.1502    15.3825    26.8089    36.9396    49.5332    48.3544    39.0160    68.0244    64.5019    60.5996    65.1821    59.9483    88.6089    98.8097    96.2034   106.1587    97.1316    97.6524    89.5728   127.8403    73.7525   102.3089   113.4480   101.8552   100.8616    78.7015    66.3291    69.2524    79.2729    66.9633    47.2398    26.9890    42.4464    49.1311    34.8560    34.0140    23.5166    10.9890    11.2818     9.8118     5.6482     5.0279     2.8841     3.8120
    3.0785     2.1867     4.2265     6.4613     8.2419    10.9875    12.9696    19.0374    21.0074    31.9305    24.2725    25.8425    66.8985    47.1880    57.6146    61.4802    56.4003   101.0173    95.7519    77.1481    99.7470   105.7223    76.5844   125.4744   105.3061   117.8581    98.2387   107.4778    65.9155   117.2500    50.4124    57.5126    81.5907    61.8941    71.4465    76.1599    68.8110    57.6710    53.8522    47.8856    41.2630    34.3965    29.1721    22.3290    17.4159    11.9305     8.3549     5.8700     3.7816     4.1534     3.7131
    1.3558     2.2552     2.7679     4.8455     8.6772    12.4007    18.5378    12.2710    15.2279    36.5068    33.6925    46.2639    62.1126    48.5974    53.0391    63.1382    65.5149   100.4860    64.8310    65.6093    93.3394    91.7706    82.6528    95.1215   128.0979    95.1722   131.3645    86.4958   123.2714    93.5509   115.2067    94.8156   108.2196    72.4889    78.4374    76.5196    65.3977    36.3802    39.7463    50.4624    24.9509     8.3030    19.8484    23.2319    11.4391    12.9771     7.6195     5.3335     3.2058     1.2031     1.2861
    0.7301     1.3330     2.6328     4.7839     4.9889    12.6772    15.2562    23.0465    24.6394    24.7691    48.5449    64.3809    33.2002    57.6211    55.9761    68.1863    76.2967    56.3441    88.2168    83.4449    83.4894    63.0147   100.6993    94.7464    89.0625   107.4025   121.1955    89.7517    92.8139    71.3765    99.9193    93.7832    83.7242    88.7961    70.6480    77.6932    70.2381    70.3697    46.1000    33.3657    24.4195    26.7079    25.8280    19.7408    10.1201    13.1430     4.0151     4.6258     3.6074     1.2803     1.1023
    0.4084     0.6826     1.8022     3.5456     8.1389     6.7158    11.1326    21.1853    26.0511    32.6642    26.6738    41.1486    31.6058    49.1388    73.8947    67.5188    58.2682    75.1022    76.5781    72.4767   113.3190    98.7799    64.7251   127.3945    86.3728    95.8325    96.0938    69.9216   114.6821   128.7385    77.8214   107.1799    89.9121    67.7236    79.9956    44.5263    54.5960    49.8556    34.2857    41.1935    32.7471    22.2384    20.5146    14.3930    15.5898    12.0072     7.5035     4.7880     2.4070     0.6212     0.3063
    0.0888     0.7718     2.0709     3.9670     8.3471     9.7422    12.5450    17.1316    25.1576    32.8383    32.2854    39.1729    49.2059    48.5051    45.2943    58.1699    85.0461   130.3298    64.5571   115.4286   102.0954   102.9267    76.6521   106.5398    70.2608   126.2098   120.2972   113.3916    94.7037   107.3389   100.2883    97.0020    45.8837    83.1148    97.1615    61.3406    46.4410    60.9308    39.7680    46.5132    25.7618    27.5985    23.0365    14.0622    14.6876     9.9392     8.3531     3.0372     1.0341     0.5020     0.1007
    0.0000     0.4327     1.8799     3.9008     6.4390    10.7025    18.1784    15.1903    18.7936    25.9220    44.2240    49.4220    37.8396    46.6370    89.4801   101.1161    55.8383   110.0283    92.1137    93.5461    72.9293   100.7947    79.2596   117.2200   114.0442   102.4666   129.4187    82.9937    71.9314    87.2763    70.4897    84.7292    84.1198    83.0298    83.7518    58.0849    48.1550    56.0748    55.1013    36.2853    32.7129    39.6517    16.7750    19.8450    11.5588     8.3932     6.8124     3.5881     1.8033     0.3804     0.0000
    0.0873     0.4543     1.8030     3.0075     6.4902    12.2561     9.9063    16.4077    20.3080    21.5478    30.1771    35.3733    63.4870    49.7958    61.6629    65.0147    77.8319    98.4408    62.3172    92.8231    99.8219    82.4617   105.7306   104.7793   130.1135    91.7425    90.2548   141.7836    87.3739   132.2005   109.4649    95.9137    65.0658    90.8137    91.6201    64.1550    49.4224    56.1080    49.5954    57.9428    23.5421    26.3859    27.7430    20.2232    14.1331    12.7005     5.4744     3.9403     1.6199     0.5607     0.0776
    0.4338     0.8984     1.9832     4.1273     5.9463    11.3431    15.7036     6.5206    22.6212    30.9357    30.9647    31.9797    45.0015    72.9051    70.1557    71.0733    89.4741    82.3662    73.6638    63.9004   108.5106    82.7522    87.4324   109.6264    89.1628   123.1406   129.3118    95.9031    62.1860   115.3705    91.0454    95.7839    56.8081    81.9018    60.8651    89.8595    70.1292    41.2241    35.0179    47.9398    34.2424    30.9779    27.0511    15.7188    16.2645     7.8429     6.7892     2.9753     2.3878     0.9365     0.4866
    1.1912     1.3387     1.7373     4.6098     9.7446    14.7974    15.4686    22.7790    24.1393    23.0494    40.0684    42.0219    39.5206    51.2173    65.6777    57.1551   107.4770    65.9700    74.1422   114.3899    79.6555    58.0288   121.0111   110.3808   127.3840    88.7046   102.7114    74.5539   114.0218   103.7795    77.4559    64.7104    97.3473    60.6354    70.1324    59.3228    54.9367    30.6701    40.2129    46.3436    41.0872    30.1968    30.6173    15.9229    15.4436    11.0057     6.3991     2.6233     2.2236     1.1942     0.9425
    1.6217     2.4932     4.2636     2.5050     6.0463     9.6610    13.1996    17.0498    27.4922    43.1923    37.9967    39.9036    39.4557    66.2203    51.4699    57.2310    64.8106    79.3137    66.3047    48.1682   104.6781    49.3488    87.3553    98.9138    62.5938   116.2715    98.3733    66.3888   124.1963    83.0321    88.7580    88.6542   113.9836    81.2599    75.5312    40.5671    59.7125    54.3170    56.1468    27.3408    35.0764    31.4691    18.3838    16.5120    13.9454    12.5032     4.2710     6.7792     1.8270     1.8884     1.3441
    2.1795     3.1056     4.5928     4.8249     7.8346    15.5319     8.1613    25.1972    14.7006    35.0822    36.3965    28.0191    52.5814    29.1289    45.5371    83.3730    43.1831    87.8425    67.3289    70.7763   105.3194    76.9436    90.7605    97.8365    96.6770   106.5783    96.0623    80.2653   119.1110    72.3128    76.8956    69.5143   115.9168    75.4402    56.9094    72.6854    58.7589    53.0274    46.3991    44.3796    32.8867    30.7587    25.2356    20.1995    15.4822    13.1402    10.0686     6.8562     3.6874     3.0876     2.0226
    3.5299     4.1594     3.4343     7.5326     6.2491     8.8109    11.6738    21.7818    27.8278    32.5371    28.9697    38.9436    51.4802    65.4601    64.5447    62.8141    60.2866    46.1685    86.9092    55.8303    82.5173    98.3394   124.2768    89.8424    85.3251   109.3327    88.8644   106.6965    82.7642   117.3908    95.2634    84.5246   103.8142    80.3899    81.3883    74.7233    55.6260    57.7249    41.3935    33.1515    42.2799    19.2360    28.2232    22.3378    17.2519    11.7316    10.5003     6.6703     5.3946     3.8131     3.4017
    4.3805     4.8885     6.6495     8.4826    11.6937    16.7578    15.6381    21.8526    27.5731    21.5947    36.7157    41.0346    38.9145    71.9151    31.4064    61.5583    90.2518    48.7549    70.7962    80.5804    81.8862   108.3771    75.2581    96.6921    97.1525    97.4821   147.8605    83.7800   119.4978    87.1672   100.7992   119.3790    74.2288    81.8065    49.8347    88.3537    82.4428    33.9300    52.0004    51.4460    45.6124    34.6902    24.8977    22.6209    13.8073    14.0892    11.7583     7.4359     6.1728     4.9581     4.3207
    6.8880     4.5491     5.3062     5.7330    11.7593    11.1916    16.4084    27.8406    20.7679    27.5589    28.5754    35.5143    49.2601    73.5986    59.2397    49.0631    64.1806    75.1856    79.8688    62.4218    70.9215    87.2883    97.3123    79.9012   117.9568    72.5612   103.5219    76.4746   137.8090    93.1743    97.8801    78.7085    67.2623    65.3785    79.6027    55.6475    54.6230    69.6077    54.7146    39.7421    27.3212    26.6633    29.2988    19.8007    23.0864    12.0984    12.9683     9.9760     8.6439     7.2950     8.8945
    4.3063     6.1681     8.1150    10.0664    15.4110    19.3649    18.0255    16.3880    31.6278    41.7341    35.7919    41.6691    49.7117    70.7286    58.1427    73.0223    48.4640    82.5784    79.2913    72.4984    86.3266    91.3111    87.8287    77.2875    91.7630    97.7398   121.4319    74.8758    85.3031   101.6717    84.4995    64.5981   100.4966    95.3633    45.3293    60.5522    36.1886    73.3891    37.5761    44.0566    37.3766    38.7843    22.6307    27.0672    20.3119    13.7302     7.3761     6.8221     8.9710    10.2165    10.4140
    9.7549    12.0523    10.1132    10.2976    16.5380    18.4494    18.2939    23.3541    23.8329    48.5520    29.2861    41.7319    49.2204    54.5599    55.7838    50.7595    84.1475    56.1269    51.4262    51.9700   105.3379    79.1090    91.9973    62.8545    66.7861   131.0121    84.9531    67.0437   100.6955   110.2843    55.9769   101.7142    76.5591    75.6650    66.5059    60.8349    72.3232    46.9273    59.3119    43.3397    33.5835    37.4063    27.3007    21.1445    16.1435    20.8997    16.5375    15.3151    13.4349    10.7783     8.5637
    6.1549     7.9502    16.0193    12.0007    21.8807    10.5209    28.4576    20.4945    31.6247    29.7417    31.1084    54.2213    44.2093    44.8412    57.3316    63.6027    39.5785    48.3614    94.4691    81.6059   102.7094    71.8477   104.9904    92.3238   104.6961   112.0946    89.2595   107.3569    95.6031    91.7534    84.4817    75.6451    60.5417    78.7351    79.8360    58.7761    23.8600    43.4858    30.8895    41.5293    51.7868    25.7033    34.2772    27.8501    24.0636    15.8680    15.5744    15.3393    12.0941    11.5850    10.0984
   17.1442    15.2536    13.4820    16.0912    26.1214    15.7751    24.4619    21.0346    22.3340    35.1788    43.5969    43.9439    48.4575    49.8697    56.1778    67.2919    75.4225    42.5360    75.9318    66.0381    87.6120   105.2312    83.8055    81.0406    95.6897    58.4935    91.9179    99.0151    71.5238    74.1535    69.5910    80.4890    94.1437    74.1700    61.2440    52.2619    46.4071    51.9781    46.2071    56.0453    38.6824    35.1308    26.0480    28.9055    24.3742    14.1831    15.7275    19.6192     9.1130    12.0841    11.7049
   18.3294    11.8126    18.9221    14.4242    18.2008    10.0769    31.0383    22.7211    23.1729    35.6383    29.0285    35.1959    49.5593    50.3464    34.1178    76.6822    66.0646    50.3856    37.1623    67.7092    92.2831    71.5501    91.7771   111.6146    88.5340    88.0269    90.9017   100.4484    96.6340    99.3767    76.1895    58.5516    83.7200    40.0553    54.6555    69.3248    56.7650    74.0220    46.7229    57.6899    36.7273    32.4721    38.8438    25.2479    16.1705    34.6995    26.8190    21.5870    18.3369    11.4965    15.4410
   19.7848    14.4882    22.3243    13.2569    22.7723    25.1122    37.6326    33.0768    34.6428    27.8605    42.1857    41.5595    46.4183    42.8204    66.3909    75.6402    69.9668   102.4506    61.6404    81.3984    63.3299    64.0935    65.2556    55.2674    74.0691    64.7352    73.1029    81.1631    82.0417    71.7965    58.6394    81.0938    88.4313    51.2629    75.8584    57.0650    66.5571    66.6985    54.0747    37.1739    33.6478    34.2424    39.4058    23.0300    24.3149    28.6757    21.8841    18.8336    24.4459    19.2516    16.4669
   33.4192    23.4910    28.5352    20.8390    24.3287    23.5941    31.6494    27.0920    29.1724    31.5884    38.2041    27.8113    46.1124    60.1979    61.3400    62.2230    56.8912    73.5270    69.6902    79.5140    82.8756    73.2885    96.3447    70.9785    88.6102    75.2944    96.0051    54.7166    73.6287    93.0984    70.2062    59.5374    53.3788    55.6955    72.8798    71.7919    61.6465    63.2268    53.8695    40.5457    50.0846    32.3069    34.7605    29.8856    28.8766    32.0201    23.9480    16.0948    20.8043    28.0754    30.4203
   15.3701    27.2505    26.5812    33.6757    29.6442    21.0032    33.3298    22.4295    35.9939    37.6892    60.3374    48.2321    56.9076    57.4521    52.1005    50.3328    59.6387    69.7437    82.1963    58.6217    61.0444    57.2145    71.0993    90.9323    78.2002    64.3167    90.3055    58.1049    72.6471    67.9261    69.9754    55.5312    51.2384    65.0559    79.1710    43.9449    82.9759    56.4491    37.3350    28.5037    44.6678    15.8897    34.8139    32.7384    34.0281    29.2683    22.9070    22.6961    18.1701    29.7838    19.2612
   29.7755    29.2633    36.1773    29.4807    25.8081    23.5175    37.3846    45.3420    23.5048    44.6944    52.1282    38.3982    47.5885    53.8136    39.8479    53.5803    61.3238    61.3470    64.4015    73.0352    67.1897    86.7868    56.1893    89.6835    78.8981    72.0917    83.4064    70.1611    97.1061    59.7183    56.6055    77.7698    59.2104    82.5723    68.0543    51.8804    45.7530    29.8576    40.1048    34.9228    33.7588    41.5162    17.3056    26.5571    33.9140    36.8603    24.5373    28.1783    26.8661    35.5254    34.0461
   24.1328    25.7605    28.2886    18.0194    28.9579    52.9042    29.9027    25.6786    23.5809    42.2461    58.5837    55.6845    53.6159    49.4377    37.8115    39.9108    62.1761    66.9034    42.6026    70.1177    70.4289    62.4302    81.2316    91.0635    92.5615    80.8372    70.9174    67.6836    69.2756    66.1065    83.5179    44.6628    39.4854    46.7126    58.5592    43.7242    47.0802    42.0760    47.6252    53.1669    48.7738    40.8459    52.1644    42.1911    25.8372    10.6403    29.5535    27.9009    30.9911    18.0736    37.1577
   22.2246    30.7227    26.7389    26.2006    43.7506    39.0176    41.0336    38.3717    41.4942    34.9889    43.3628    66.2234    62.4088    52.0973    65.0640    54.3009    63.4768    63.7119    63.4249    77.1312    63.1190    70.4739    75.0241    81.2639    60.3236    84.8393    60.0303    98.8647    54.2441    52.6455    76.1613    74.2772    46.7590    82.8447    58.8510    73.9175    53.1212    62.3056    42.9656    35.9485    49.1983    40.8517    43.4368    22.6133    21.8384    33.2746    30.2972    22.6709    26.9096    39.1589    28.9812
   35.0474    33.8129    27.1144    24.3425    26.2620    34.6297    43.5210    44.0983    50.8308    56.4285    34.4592    45.3082    42.3656    54.4599    63.3692    34.6003    59.1927    74.7821    80.6387    57.7421    88.9594    74.9267    61.4178    81.2595    69.3682    47.7790    62.5065    72.1899    59.8283    61.8846    75.3267    50.6499    43.4205    60.8497    68.2078    56.0391    45.3340    59.7072    51.1619    33.9118    53.8018    31.2845    31.4313    38.1357    23.1738    42.9816    31.7304    53.3373    26.8247    35.5316    32.9051
   37.5339    32.9888    17.2353    34.6818    22.8600    40.9747    42.5100    29.0629    63.5726    41.6908    39.9119    46.5114    44.1669    53.7273    65.0842    43.2493    59.5188    66.7414    68.9241    55.1166    67.0515    47.3504    66.9136    60.3215    64.6802    31.2863    50.7337    62.5949    63.1203    62.8823    51.3674    58.5143    70.6221    56.9053    57.3493    40.6232    36.6778    58.5503    33.4800    52.8377    56.4962    41.3357    32.9683    37.0689    42.0845    38.9397    46.7491    29.8335    44.0905    49.0241    49.1258
   44.2785    35.7523    47.4059    45.2900    26.5399    40.4177    46.0506    42.5545    52.4264    35.1949    41.0137    35.9082    35.2378    47.9265    49.0070    62.4270    59.5593    59.5063    64.2933    67.3860    45.5403    79.9671    93.3793    64.8288    56.3576    55.1319    59.9100    44.5277    73.3857    53.4134    66.4899    60.4657    71.3743    55.8654    49.3857    41.8577    53.1164    58.5656    52.1895    50.7586    69.7796    50.9056    52.2735    38.4592    57.1251    39.7900    37.3617    40.0555    45.9194    40.8319    25.5999
   46.9707    42.9026    39.9515    48.3337    32.2066    35.2141    46.9577    58.4771    43.0337    38.1998    36.0654    41.7917    45.0629    51.7289    34.3325    61.4011    52.5197    45.2429    59.4237    53.8377    61.8412    32.1829    50.6748    71.6986    58.0534    44.2573    58.0634    69.0350    53.4492    43.9716    54.0616    50.7321    57.3254    51.8709    72.5253    61.1131    52.3964    43.0873    30.2348    30.9322    44.2032    44.2911    51.0613    59.2743    37.1567    56.3939    44.0603    65.1782    53.7161    43.1020    38.5762
   46.7506    48.2015    58.8657    63.1921    66.2801    45.1111    55.9493    48.3335    50.7614    47.9306    47.5717    39.4681    45.8429    48.1563    43.6705    49.7671    44.0994    70.1215    58.6547    36.3841    56.1618    32.7910    49.7397    52.1245    57.0499    41.4576    63.6129    56.0451    56.4785    37.4551    51.5604    47.4148    64.7216    66.3494    50.6323    51.1487    36.6643    58.2449    51.1026    72.1568    45.2321    32.5263    45.3142    57.7301    29.4138    61.5248    44.5111    44.6313    30.5578    48.1848    37.2643
   57.0298    84.2025    57.4835    52.6891    55.0563    51.9785    49.1469    48.8328    56.3439    29.5822    41.8806    37.9482    56.5111    43.5710    37.6115    66.2080    36.3175    57.4786    62.8455    37.7047    52.1086    53.6362    58.3670    53.0767    64.3425    57.7573    52.0430    55.6031    59.3667    43.4066    35.1305    49.0965    39.1652    47.9729    54.8074    54.9583    49.9800    64.1509    45.8891    43.4628    59.3352    40.5798    48.0699    48.7943    52.9714    49.1986    45.5064    52.9563    43.6568    41.3898    48.6686
