1947    2  202.70  188.90
1947    3  235.70  183.80
1947    4  264.10  212.10
1947    5  261.20  285.00
1947    6  226.60  232.10
1947    7  215.20  223.50
1947    8  231.20  267.40
1947    9  199.70  239.90
1947   10  209.00  231.70
1947   11  179.80  181.30
1947   12  176.40  164.90
1948    1  155.70  153.60
1948    2  134.30  122.00
1948    3  135.50  134.30
1948    4  208.10  268.50
1948    5  226.50  246.40
1948    6  195.50  237.50
1948    7  182.80  201.40
1948    8  172.80  223.70
1948    9  163.70  202.90
1948   10  159.10  192.90
1948   11  165.40  135.60
1948   12  193.30  195.30
1949    1  183.50  168.60
1949    2  220.20  258.00
1949    3  203.90  223.00
1949    4  182.50  208.10
1949    5  154.90  150.40
1949    6  157.50  172.40
1949    7  159.90  178.30
1949    8  175.20  175.30
1949    9  172.50  205.80
1949   10  178.20  186.30
1949   11  180.40  203.20
1949   12  165.20  166.60
1950    1  150.70  143.90
1950    2  143.30  134.30
1950    3  137.80  155.40
1950    4  164.30  160.60
1950    5  157.10  150.50
1950    6  128.70  118.30
1950    7  134.10  128.90
1950    8  120.90  120.60
1950    9   98.60   72.70
1950   10   99.90   87.00
1950   11  101.90   77.70
1950   12  101.10   76.70
1951    1  107.90   85.00
1951    2  101.90   84.80
1951    3  102.50   79.30
1951    4  127.10  131.70
1951    5  168.60  153.70
1951    6  161.70  142.40
1951    7  116.30   87.20
1951    8  109.80   86.50
1951    9  117.80  117.70
1951   10  106.00   73.30
1951   11  104.40   74.20
1951   12  102.40   65.00
1952    1   95.40   57.90
1952    2   86.20   32.40
1952    3   78.50   31.50
1952    4   84.00   41.70
1952    5   80.90   33.60
1952    6   84.80   52.00
1952    7   88.80   56.10
1952    8   93.30   77.80
1952    9   81.50   40.40
1952   10   82.80   34.20
1952   11   83.40   31.80
1952   12   85.70   48.90
1953    1   83.20   37.90
1953    2   72.80    5.90
1953    3   70.40   14.70
1953    4   81.00   39.60
1953    5   72.50   18.30
1953    6   73.00   31.50
1953    7   69.80   12.70
1953    8   75.50   33.60
1953    9   74.30   28.00
1953   10   71.90   12.30
1953   11   71.40    2.50
1953   12   70.80    3.90
1954    1   68.70    0.40
1954    2   69.20    0.80
1954    3   71.90   15.80
1954    4   68.70    2.70
1954    5   68.00    1.20
1954    6   67.30    0.40
1954    7   67.70    7.30
1954    8   69.90   12.60
1954    9   70.10    2.30
1954   10   73.20   10.50
1954   11   72.60   13.40
1954   12   75.50   11.30
1955    1   84.30   33.40
1955    2   82.00   29.90
1955    3   74.80    7.30
1955    4   77.30   16.40
1955    5   82.80   41.30
1955    6   88.80   45.20
1955    7   87.30   38.20
1955    8   90.70   58.00
1955    9   95.10   60.80
1955   10  111.80   83.00
1955   11  130.00  126.30
1955   12  134.60  108.80
1956    1  141.20  104.10
1956    2  167.20  175.60
1956    3  160.60  167.70
1956    4  165.90  156.70
1956    5  163.40  193.40
1956    6  154.00  165.10
1956    7  162.80  182.70
1956    8  193.80  240.20
1956    9  200.90  245.40
1956   10  201.60  219.90
1956   11  250.40  285.00
1956   12  253.70  272.00
1957    1  231.20  233.70
1957    2  186.70  184.50
1957    3  197.80  222.80
1957    4  200.00  248.00
1957    5  208.50  233.00
1957    6  252.10  284.30
1957    7  218.00  265.10
1957    8  202.30  223.70
1957    9  267.10  334.00
1957   10  283.10  359.40
1957   11  259.20  298.60
1957   12  286.50  339.00
1958    1  251.50  286.70
1958    2  212.20  233.60
1958    3  251.50  270.00
1958    4  245.90  277.60
1958    5  218.60  248.20
1958    6  220.50  242.90
1958    7  224.10  271.00
1958    8  237.00  283.50
1958    9  243.50  285.10
1958   10  228.00  256.90
1958   11  209.20  215.60
1958   12  238.20  265.70
1959    1  274.50  307.70
1959    2  207.90  202.60
1959    3  229.20  263.00
1959    4  210.60  231.30
1959    5  212.70  243.60
1959    6  217.50  238.90
1959    7  203.00  211.90
1959    8  234.20  282.60
1959    9  194.30  205.60
1959   10  165.10  157.70
1959   11  184.80  175.60
1959   12  182.20  177.10
1960    1  202.60  207.20
1960    2  170.90  149.90
1960    3  146.80  144.60
1960    4  167.60  172.70
1960    5  162.70  169.30
1960    6  161.90  156.00
1960    7  163.90  172.40
1960    8  174.40  190.00
1960    9  164.50  180.10
1960   10  142.30  117.30
1960   11  148.90  126.90
1960   12  138.10  121.20
1961    1  122.00   82.10
1961    2  106.40   65.40
1961    3  104.80   75.20
1961    4  105.00   86.90
1961    5   99.30   72.30
1961    6  109.90  109.50
1961    7  116.50   99.30
1961    8  106.20   79.20
1961    9  112.70   90.10
1961   10   96.70   53.70
1961   11   90.30   46.50
1961   12   94.80   56.90
1962    1   94.90   55.10
1962    2  102.20   71.70
1962    3  100.30   64.90
1962    4   96.20   65.90
1962    5   97.90   61.90
1962    6   91.00   59.60
1962    7   80.70   31.40
1962    8   77.30   31.50
1962    9   89.50   72.70
1962   10   87.80   56.10
1962   11   84.90   38.80
1962   12   82.00   33.20
1963    1   79.50   28.70
1963    2   79.70   35.20
1963    3   77.80   24.80
1963    4   79.50   41.70
1963    5   87.80   61.10
1963    6   83.50   51.20
1963    7   75.90   28.70
1963    8   80.90   47.50
1963    9   85.10   55.20
1963   10   85.10   50.10
1963   11   81.70   33.70
1963   12   78.40   21.60
1964    1   75.40   22.60
1964    2   76.80   25.30
1964    3   75.90   24.10
1964    4   72.60   12.90
1964    5   69.50   14.30
1964    6   69.00   13.50
1964    7   67.00    4.80
1964    8   69.30   13.80
1964    9   70.20    7.00
1964   10   73.40    9.20
1964   11   73.70   11.10
1964   12   78.80   22.10
1965    1   78.60   25.40
1965    2   75.20   20.80
1965    3   74.10   17.50
1965    4   72.00   10.20
1965    5   78.20   34.50
1965    6   77.00   23.30
1965    7   74.30   17.30
1965    8   74.80   13.30
1965    9   76.60   24.50
1965   10   80.20   29.10
1965   11   77.70   22.80
1965   12   77.80   24.70
1966    1   87.90   40.30
1966    2   84.20   35.30
1966    3   90.30   36.40
1966    4   97.20   69.00
1966    5   98.50   64.20
1966    6   96.30   67.70
1966    7  106.70   80.20
1966    8  106.60   72.60
1966    9  110.90   71.10
1966   10  108.60   81.20
1966   11  113.30   81.00
1966   12  124.60   99.80
1967    1  147.70  157.00
1967    2  147.00  132.60
1967    3  160.60  158.30
1967    4  129.90   98.40
1967    5  143.00  122.50
1967    6  120.20   95.40
1967    7  140.30  129.50
1967    8  153.70  151.80
1967    9  132.10  108.70
1967   10  136.10  125.00
1967   11  145.30  133.60
1967   12  163.00  179.00
1968    1  189.10  172.50
1968    2  173.20  158.50
1968    3  142.60  130.50
1968    4  129.50  115.00
1968    5  154.90  180.00
1968    6  142.30  156.20
1968    7  137.20  136.20
1968    8  142.20  154.80
1968    9  141.00  166.00
1968   10  152.50  152.50
1968   11  138.50  121.70
1968   12  148.40  155.50
1969    1  152.70  147.80
1969    2  155.20  170.50
1969    3  172.30  192.30
1969    4  155.50  151.10
1969    5  145.40  169.90
1969    6  162.20  150.10
1969    7  136.60  137.10
1969    8  143.00  138.80
1969    9  137.30  129.30
1969   10  154.00  135.40
1969   11  156.70  132.40
1969   12  143.60  138.60
1970    1  158.30  157.90
1970    2  175.40  180.80
1970    3  158.40  145.70
1970    4  162.00  155.10
1970    5  168.40  180.50
1970    6  154.90  151.30
1970    7  152.00  159.30
1970    8  138.20  131.70
1970    9  143.20  140.80
1970   10  148.30  122.60
1970   11  162.00  134.80
1970   12  152.80  118.20
1971    1  162.60  129.20
1971    2  137.80  111.80
1971    3  111.90   85.90
1971    4  116.70  101.60
1971    5  109.90   81.50
1971    6  101.70   70.70
1971    7  117.40  114.70
1971    8  114.10   87.00
1971    9  104.00   71.30
1971   10  107.20   73.40
1971   11  114.00   89.50
1971   12  124.50  116.50
1972    1  114.80   87.00
1972    2  141.80  125.30
1972    3  128.50  113.50
1972    4  112.90   89.60
1972    5  129.60  113.90
1972    6  135.40  124.70
1972    7  122.00  108.30
1972    8  125.70  108.90
1972    9  113.60   90.70
1972   10  121.10   86.90
1972   11  101.60   59.20
1972   12  102.90   64.30
1973    1  102.20   61.80
1973    2   98.70   60.90
1973    3  100.40   65.40
1973    4  105.00   81.80
1973    5   97.00   60.30
1973    6   91.20   56.10
1973    7   84.50   33.20
1973    8   82.90   36.60
1973    9  105.60   84.10
1973   10   87.70   43.70
1973   11   81.50   34.30
1973   12   84.20   33.30
1974    1   83.10   39.40
1974    2   80.90   37.30
1974    3   79.20   30.90
1974    4   86.10   57.50
1974    5   90.60   56.30
1974    6   86.30   51.50
1974    7   92.50   79.10
1974    8   83.00   47.90
1974    9   87.80   57.20
1974   10   97.60   67.20
1974   11   90.30   35.90
1974   12   81.10   29.60
1975    1   77.50   27.30
1975    2   74.20   16.70
1975    3   72.40   16.90
1975    4   70.70    7.70
1975    5   70.10   13.10
1975    6   69.70   16.70
1975    7   77.20   40.40
1975    8   90.40   56.70
1975    9   79.60   20.30
1975   10   75.70   13.60
1975   11   80.80   27.90
1975   12   74.60   11.60
1976    1   74.70   11.90
1976    2   70.50    6.40
1976    3   76.70   31.50
1976    4   76.30   27.30
1976    5   70.60   18.20
1976    6   70.60   17.90
1976    7   67.50    2.90
1976    8   74.80   24.10
1976    9   73.10   20.00
1976   10   75.90   29.70
1976   11   72.90    7.90
1976   12   76.70   22.30
1977    1   77.40   23.80
1977    2   82.30   33.30
1977    3   76.60   13.00
1977    4   77.60   19.00
1977    5   79.60   27.00
1977    6   91.50   54.90
1977    7   81.10   30.60
1977    8   84.30   43.00
1977    9   99.90   62.40
1977   10   96.90   62.10
1977   11   93.70   41.60
1977   12  102.10   61.40
1978    1  109.60   73.70
1978    2  145.40  132.60
1978    3  141.80  108.40
1978    4  149.40  141.20
1978    5  146.50  117.10
1978    6  142.20  134.60
1978    7  131.10   99.70
1978    8  114.00   82.40
1978    9  157.90  195.70
1978   10  158.20  177.10
1978   11  151.50  138.50
1978   12  175.50  173.90
1979    1  203.00  235.90
1979    2  204.10  194.70
1979    3  185.80  195.30
1979    4  173.80  143.70
1979    5  165.20  190.30
1979    6  180.30  211.70
1979    7  165.90  225.70
1979    8  172.70  201.40
1979    9  200.20  266.90
1979   10  217.90  263.60
1979   11  231.70  259.50
1979   12  203.50  249.60
1980    1  206.20  226.10
1980    2  200.00  219.40
1980    3  168.10  178.70
1980    4  207.90  232.20
1980    5  224.00  254.70
1980    6  193.20  222.70
1980    7  184.80  192.90
1980    8  166.20  191.70
1980    9  183.90  219.60
1980   10  204.20  233.30
1980   11  218.10  209.50
1980   12  225.80  246.90
1981    1  174.60  156.60
1981    2  204.50  189.90
1981    3  205.30  196.60
1981    4  223.20  225.30
1981    5  194.60  194.70
1981    6  156.90  131.60
