1943    8   32.30
1943    9   16.70
1943   10   13.00
1943   11   17.00
1943   12   31.40
1944    1    6.10
1944    2    0.80
1944    3   18.30
1944    4    0.40
1944    5    4.10
1944    6    8.20
1944    7    8.50
1944    8   27.90
1944    9   23.70
1944   10   28.10
1944   11   17.90
1944   12   47.40
1945    1   30.80
1945    2   21.20
1945    3   35.90
1945    4   53.40
1945    5   51.00
1945    6   60.20
1945    7   71.00
1945    8   43.10
1945    9   58.10
1945   10  114.50
1945   11   76.60
1945   12   45.70
1946    1   79.30
1946    2  143.80
1946    3  127.70
1946    4  126.10
1946    5  141.60
1946    6  122.60
1946    7  193.70
1946    8  178.70
1946    9  157.40
1946   10  170.50
1946   11  206.30
1946   12  202.90
1947    1  163.70
1947    2  188.90
1947    3  183.80
1947    4  212.10
1947    5  285.00
1947    6  232.10
1947    7  223.50
1947    8  267.40
1947    9  239.90
1947   10  231.70
1947   11  181.30
1947   12  164.90
1948    1  153.60
1948    2  122.00
1948    3  134.30
1948    4  268.50
1948    5  246.40
1948    6  237.50
1948    7  201.40
1948    8  223.70
1948    9  202.90
1948   10  192.90
1948   11  135.60
1948   12  195.30
1949    1  168.60
1949    2  258.00
1949    3  223.00
1949    4  208.10
1949    5  150.40
1949    6  172.40
1949    7  178.30
1949    8  175.30
1949    9  205.80
1949   10  186.30
1949   11  203.20
1949   12  166.60
1950    1  143.90
1950    2  134.30
1950    3  155.40
1950    4  160.60
1950    5  150.50
1950    6  118.30
1950    7  128.90
1950    8  120.60
1950    9   72.70
1950   10   87.00
1950   11   77.70
1950   12   76.70
1951    1   85.00
1951    2   84.80
1951    3   79.30
1951    4  131.70
1951    5  153.70
1951    6  142.40
1951    7   87.20
1951    8   86.50
1951    9  117.70
1951   10   73.30
1951   11   74.20
1951   12   65.00
1952    1   57.90
1952    2   32.40
1952    3   31.50
1952    4   41.70
1952    5   33.60
1952    6   52.00
1952    7   56.10
1952    8   77.80
1952    9   40.40
1952   10   34.20
1952   11   31.80
1952   12   48.90
1953    1   37.90
1953    2    5.90
1953    3   14.70
1953    4   39.60
1953    5   18.30
1953    6   31.50
1953    7   12.70
1953    8   33.60
1953    9   28.00
1953   10   12.30
1953   11    2.50
1953   12    3.90
1954    1    0.40
1954    2    0.80
1954    3   15.80
1954    4    2.70
1954    5    1.20
1954    6    0.40
1954    7    7.30
1954    8   12.60
1954    9    2.30
1954   10   10.50
1954   11   13.40
1954   12   11.30
1955    1   33.40
1955    2   29.90
1955    3    7.30
1955    4   16.40
1955    5   41.30
1955    6   45.20
1955    7   38.20
1955    8   58.00
1955    9   60.80
1955   10   83.00
1955   11  126.30
1955   12  108.80
1956    1  104.10
1956    2  175.60
1956    3  167.70
1956    4  156.70
1956    5  193.40
1956    6  165.10
1956    7  182.70
1956    8  240.20
1956    9  245.40
1956   10  219.90
1956   11  285.00
1956   12  272.00
1957    1  233.70
1957    2  184.50
1957    3  222.80
1957    4  248.00
1957    5  233.00
1957    6  284.30
1957    7  265.10
1957    8  223.70
1957    9  334.00
1957   10  359.40
1957   11  298.60
1957   12  339.00
1958    1  286.70
1958    2  233.60
1958    3  270.00
1958    4  277.60
1958    5  248.20
1958    6  242.90
1958    7  271.00
1958    8  283.50
1958    9  285.10
1958   10  256.90
1958   11  215.60
1958   12  265.70
1959    1  307.70
1959    2  202.60
1959    3  263.00
1959    4  231.30
1959    5  243.60
1959    6  238.90
1959    7  211.90
1959    8  282.60
1959    9  205.60
1959   10  157.70
1959   11  175.60
1959   12  177.10
1960    1  207.20
1960    2  149.90
1960    3  144.60
1960    4  172.70
1960    5  169.30
1960    6  156.00
1960    7  172.40
1960    8  190.00
1960    9  180.10
1960   10  117.30
1960   11  126.90
1960   12  121.20
1961    1   82.10
1961    2   65.40
1961    3   75.20
1961    4   86.90
1961    5   72.30
1961    6  109.50
1961    7   99.30
1961    8   79.20
1961    9   90.10
1961   10   53.70
1961   11   46.50
1961   12   56.90
1962    1   55.10
1962    2   71.70
1962    3   64.90
1962    4   65.90
1962    5   61.90
1962    6   59.60
1962    7   31.40
1962    8   31.50
1962    9   72.70
1962   10   56.10
1962   11   38.80
1962   12   33.20
1963    1   28.70
1963    2   35.20
1963    3   24.80
1963    4   41.70
1963    5   61.10
1963    6   51.20
1963    7   28.70
1963    8   47.50
1963    9   55.20
1963   10   50.10
1963   11   33.70
1963   12   21.60
1964    1   22.60
1964    2   25.30
1964    3   24.10
1964    4   12.90
1964    5   14.30
1964    6   13.50
1964    7    4.80
1964    8   13.80
1964    9    7.00
1964   10    9.20
1964   11   11.10
1964   12   22.10
1965    1   25.40
1965    2   20.80
1965    3   17.50
1965    4   10.20
1965    5   34.50
1965    6   23.30
1965    7   17.30
1965    8   13.30
1965    9   24.50
1965   10   29.10
1965   11   22.80
1965   12   24.70
1966    1   40.30
1966    2   35.30
1966    3   36.40
1966    4   69.00
1966    5   64.20
1966    6   67.70
1966    7   80.20
1966    8   72.60
1966    9   71.10
1966   10   81.20
1966   11   81.00
1966   12   99.80
1967    1  157.00
1967    2  132.60
1967    3  158.30
1967    4   98.40
1967    5  122.50
1967    6   95.40
1967    7  129.50
1967    8  151.80
1967    9  108.70
1967   10  125.00
1967   11  133.60
1967   12  179.00
1968    1  172.50
1968    2  158.50
1968    3  130.50
1968    4  115.00
1968    5  180.00
1968    6  156.20
1968    7  136.20
1968    8  154.80
1968    9  166.00
1968   10  152.50
1968   11  121.70
1968   12  155.50
1969    1  147.80
1969    2  170.50
1969    3  192.30
1969    4  151.10
1969    5  169.90
1969    6  150.10
1969    7  137.10
1969    8  138.80
1969    9  129.30
1969   10  135.40
1969   11  132.40
1969   12  138.60
1970    1  157.90
1970    2  180.80
1970    3  145.70
1970    4  155.10
1970    5  180.50
1970    6  151.30
1970    7  159.30
1970    8  131.70
1970    9  140.80
1970   10  122.60
1970   11  134.80
1970   12  118.20
1971    1  129.20
1971    2  111.80
1971    3   85.90
1971    4  101.60
1971    5   81.50
1971    6   70.70
1971    7  114.70
1971    8   87.00
1971    9   71.30
1971   10   73.40
1971   11   89.50
1971   12  116.50
1972    1   87.00
1972    2  125.30
1972    3  113.50
1972    4   89.60
1972    5  113.90
1972    6  124.70
1972    7  108.30
1972    8  108.90
1972    9   90.70
1972   10   86.90
1972   11   59.20
1972   12   64.30
1973    1   61.80
1973    2   60.90
1973    3   65.40
1973    4   81.80
1973    5   60.30
1973    6   56.10
1973    7   33.20
1973    8   36.60
1973    9   84.10
1973   10   43.70
1973   11   34.30
1973   12   33.30
1974    1   39.40
1974    2   37.30
1974    3   30.90
1974    4   57.50
1974    5   56.30
1974    6   51.50
1974    7   79.10
1974    8   47.90
1974    9   57.20
1974   10   67.20
1974   11   35.90
1974   12   29.60
1975    1   27.30
1975    2   16.70
1975    3   16.90
1975    4    7.70
1975    5   13.10
1975    6   16.70
1975    7   40.40
1975    8   56.70
1975    9   20.30
1975   10   13.60
1975   11   27.90
1975   12   11.60
1976    1   11.90
1976    2    6.40
1976    3   31.50
1976    4   27.30
1976    5   18.20
1976    6   17.90
1976    7    2.90
1976    8   24.10
1976    9   20.00
