1810    6    0.00
1810    7    0.00
1810    8    0.00
1810    9    0.00
1810   10    0.00
1810   11    0.00
1810   12    0.00
1811    1    0.00
1811    2    0.00
1811    3    0.00
1811    4    0.00
1811    5    0.00
1811    6    0.00
1811    7   11.00
1811    8    0.00
1811    9    4.00
1811   10   10.20
1811   11    1.30
1811   12    1.80
1812    1   18.80
1812    2    3.20
1812    3    1.20
1812    4    0.00
1812    5    1.70
1812    6    2.20
1812    7    0.80
1812    8   26.00
1812    9    8.70
1812   10    6.50
1812   11   13.20
1812   12   16.80
1813    1    0.00
1813    2   17.20
1813    3    3.20
1813    4   27.70
1813    5    9.20
1813    6   18.70
1813    7   30.50
1813    8   14.00
1813    9   25.50
1813   10   46.30
1813   11   27.80
1813   12   23.80
1814    1   37.00
1814    2   20.00
1814    3    9.50
1814    4   39.70
1814    5    9.70
1814    6   24.80
1814    7   30.80
1814    8    3.80
1814    9   13.50
1814   10   32.20
1814   11   24.20
1814   12   33.50
1815    1   32.00
1815    2   53.70
1815    3   43.70
1815    4   52.70
1815    5   16.30
1815    6   93.20
1815    7   59.20
1815    8   78.70
1815    9   52.50
1815   10   55.80
1815   11   62.00
1815   12  108.30
1816    1   43.80
1816    2  114.70
1816    3  122.80
1816    4   98.00
1816    5   73.80
1816    6   72.70
1816    7   64.70
1816    8   38.70
1816    9   79.70
1816   10   94.00
1816   11   63.50
1816   12   49.80
1817    1   60.70
1817    2   96.50
1817    3  160.30
1817    4   44.00
1817    5   35.30
1817    6   66.70
1817    7   83.30
1817    8   75.00
1817    9   61.20
1817   10   42.70
1817   11   48.20
1817   12   47.30
1818    1   58.10
1818    2   37.40
1818    3   42.40
1818    4   57.50
1818    5   88.50
1818    6   60.80
1818    7   46.80
1818    8   52.60
1818    9   43.40
1818   10   52.80
1818   11   18.30
1818   12   43.00
1819    1   54.70
1819    2   34.60
1819    3    6.30
1819    4   33.70
1819    5   32.60
1819    6   58.30
1819    7   52.50
1819    8   43.50
1819    9   24.80
1819   10   45.90
1819   11   41.80
1819   12   50.90
1820    1   32.00
1820    2   44.40
1820    3    7.50
1820    4   32.30
1820    5   48.90
1820    6   17.90
1820    7   34.10
1820    8   43.10
1820    9    8.60
1820   10   14.90
1820   11   13.20
1820   12   15.10
1821    1   36.00
1821    2    7.00
1821    3    9.50
1821    4   15.20
1821    5    2.80
1821    6    3.00
1821    7    4.30
1821    8    8.00
1821    9    7.30
1821   10   31.40
1821   11    7.30
1821   12    0.40
1822    1    0.00
1822    2    1.50
1822    3   26.90
1822    4   21.70
1822    5    2.40
1822    6    9.30
1822    7   13.20
1822    8    3.40
1822    9    0.00
1822   10    0.60
1822   11    0.00
1822   12    0.00
1823    1    0.00
1823    2    0.00
1823    3    1.00
1823    4    0.00
1823    5    0.00
1823    6    0.00
1823    7    0.80
1823    8    0.00
1823    9    0.00
1823   10    0.00
1823   11    0.00
1823   12   34.00
1824    1   36.00
1824    2   18.00
1824    3    0.00
1824    4   32.30
1824    5    4.60
1824    6    0.00
1824    7    0.00
1824    8    2.30
1824    9   34.30
1824   10   42.00
1824   11    0.00
1824   12    1.40
1825    1    8.40
1825    2   25.90
1825    3   37.40
1825    4    6.20
1825    5   25.80
1825    6   25.60
1825    7   51.50
1825    8   42.80
1825    9   26.20
1825   10   26.00
1825   11   19.60
1825   12   36.70
1826    1   29.40
1826    2   30.20
1826    3   61.30
1826    4   40.00
1826    5   53.90
1826    6   61.70
1826    7   87.50
1826    8   66.00
1826    9   31.60
1826   10   84.40
1826   11   65.80
1826   12  113.60
1827    1   57.70
1827    2   79.00
1827    3   96.30
1827    4   76.70
1827    5   93.80
1827    6   94.40
1827    7   70.40
1827    8   89.40
1827    9   82.60
1827   10   93.50
1827   11   80.40
1827   12   76.80
1828    1   88.00
1828    2  107.30
1828    3  108.50
1828    4  101.90
1828    5  148.60
1828    6  163.40
1828    7   90.40
1828    8  127.30
1828    9   83.90
1828   10   91.10
1828   11   95.00
1828   12   78.10
1829    1   71.60
1829    2   82.30
1829    3  120.60
1829    4  158.40
1829    5  112.30
1829    6  123.20
1829    7  151.50
1829    8  129.30
1829    9   88.00
1829   10   95.30
1829   11  112.70
1829   12   94.10
1830    1   87.00
1830    2  120.10
1830    3  141.00
1830    4  177.30
1830    5  110.50
1830    6  108.40
1830    7   73.20
1830    8   84.60
1830    9  103.40
1830   10  140.60
1830   11  135.40
1830   12  136.80
1831    1   79.00
1831    2   83.60
1831    3  155.80
1831    4   90.90
1831    5   63.40
1831    6   55.60
1831    7   75.40
1831    8   91.60
1831    9   63.20
1831   10   77.10
1831   11   72.50
1831   12   48.30
1832    1   51.50
1832    2   92.60
1832    3   91.90
1832    4   44.80
1832    5   68.90
1832    6   44.50
1832    7   23.30
1832    8   14.80
1832    9   13.70
1832   10   35.20
1832   11   23.80
1832   12   45.80
1833    1   18.70
1833    2   24.90
1833    3   19.60
1833    4    4.60
1833    5   21.50
1833    6    1.70
1833    7   11.60
1833    8    9.50
1833    9   19.30
1833   10   12.50
1833   11    9.80
1833   12   16.60
1834    1    8.20
1834    2   30.10
1834    3    6.50
1834    4    2.40
1834    5   14.80
1834    6   13.10
1834    7   14.40
1834    8    6.60
1834    9   19.20
1834   10   41.30
1834   11   50.90
1834   12   57.50
1835    1   12.40
1835    2   40.70
1835    3   32.70
1835    4  102.40
1835    5   72.60
1835    6   55.20
1835    7   99.60
1835    8   98.50
1835    9  168.00
1835   10  158.60
1835   11  166.70
1835   12  129.30
1836    1  147.60
1836    2  179.40
1836    3  163.70
1836    4  238.00
1836    5  185.70
1836    6  207.90
1836    7  194.60
1836    8  179.60
1836    9  158.50
1836   10  228.90
1836   11  201.50
1836   12  343.80
1837    1  313.40
1837    2  292.60
1837    3  224.30
1837    4  230.30
1837    5  186.10
1837    6  263.40
1837    7  271.20
1837    8  223.50
1837    9  160.40
1837   10  206.20
1837   11  178.40
1837   12  216.10
1838    1  241.50
1838    2  141.30
1838    3  234.50
1838    4  211.10
1838    5  229.40
1838    6  157.60
1838    7  180.40
1838    8  131.30
1838    9  122.70
1838   10  151.50
1838   11  129.20
1838   12  132.90
1839    1  175.90
1839    2  170.80
1839    3  129.50
1839    4  102.90
1839    5   89.60
1839    6   91.20
1839    7  141.30
1839    8  218.80
1839    9  221.10
1839   10  151.50
1839   11  114.70
1839   12  106.20
1840    1  135.40
1840    2  146.10
1840    3  112.90
1840    4  109.80
1840    5  115.40
1840    6   80.90
1840    7  101.00
1840    8   96.40
1840    9  123.30
1840   10   91.70
1840   11   90.40
1840   12   89.50
1841    1   40.10
1841    2   49.90
1841    3   49.60
1841    4   66.90
1841    5  112.40
1841    6   92.80
1841    7   51.40
1841    8   65.40
1841    9   60.90
1841   10   47.40
1841   11   32.90
1841   12   64.80
1842    1   34.00
1842    2   36.80
1842    3   36.20
1842    4   44.90
1842    5   41.40
1842    6   34.20
1842    7   21.00
1842    8   44.40
1842    9   30.60
1842   10   63.50
1842   11   67.50
1842   12   29.30
1843    1   22.20
1843    2    5.90
1843    3   13.90
1843    4   15.80
1843    5   35.10
1843    6   17.60
1843    7   15.90
1843    8   19.60
1843    9    6.90
1843   10    8.90
1843   11   31.70
1843   12   21.20
1844    1   15.70
