1975    9   20.30
1975   10   13.60
1975   11   27.90
1975   12   11.60
1976    1   11.90
1976    2    6.40
1976    3   31.50
1976    4   27.30
1976    5   18.20
1976    6   17.90
1976    7    2.90
1976    8   24.10
1976    9   20.00
1976   10   29.70
1976   11    7.90
1976   12   22.30
1977    1   23.80
1977    2   33.30
1977    3   13.00
1977    4   19.00
1977    5   27.00
1977    6   54.90
1977    7   30.60
1977    8   43.00
1977    9   62.40
1977   10   62.10
1977   11   41.60
1977   12   61.40
1978    1   73.70
1978    2  132.60
1978    3  108.40
1978    4  141.20
1978    5  117.10
1978    6  134.60
1978    7   99.70
1978    8   82.40
1978    9  195.70
1978   10  177.10
1978   11  138.50
1978   12  173.90
1979    1  235.90
1979    2  194.70
1979    3  195.30
1979    4  143.70
1979    5  190.30
1979    6  211.70
1979    7  225.70
1979    8  201.40
1979    9  266.90
1979   10  263.60
1979   11  259.50
1979   12  249.60
1980    1  226.10
1980    2  219.40
1980    3  178.70
1980    4  232.20
1980    5  254.70
1980    6  222.70
1980    7  192.90
1980    8  191.70
1980    9  219.60
1980   10  233.30
1980   11  209.50
1980   12  246.90
1981    1  156.60
1981    2  189.90
1981    3  196.60
1981    4  225.30
1981    5  194.70
1981    6  131.60
1981    7  205.30
1981    8  242.50
1981    9  245.30
1981   10  216.20
1981   11  186.00
1981   12  195.40
1982    1  149.80
1982    2  230.90
1982    3  221.10
1982    4  170.30
1982    5  119.30
1982    6  163.70
1982    7  139.40
1982    8  161.90
1982    9  167.40
1982   10  134.30
1982   11  127.50
1982   12  169.00
1983    1  115.50
1983    2   73.10
1983    3   88.70
1983    4  109.60
1983    5  132.50
1983    6  131.50
1983    7  108.90
1983    8   96.00
1983    9   69.90
1983   10   72.50
1983   11   45.70
1983   12   45.60
1984    1   74.80
1984    2  110.20
1984    3  116.70
1984    4   90.40
1984    5   96.90
1984    6   65.10
1984    7   55.70
1984    8   35.00
1984    9   22.60
1984   10   12.60
1984   11   26.50
1984   12   21.40
1985    1   17.80
1985    2   20.70
1985    3   16.90
1985    4   20.40
1985    5   32.40
1985    6   28.30
1985    7   39.90
1985    8   10.10
1985    9    4.30
1985   10   22.00
1985   11   17.90
1985   12   15.80
1986    1    2.80
1986    2   27.90
1986    3   13.80
1986    4   22.40
1986    5   16.10
1986    6    0.60
1986    7   18.10
1986    8    9.90
1986    9    5.10
1986   10   40.10
1986   11   15.40
1986   12    5.80
1987    1    9.80
1987    2    3.40
1987    3   17.40
1987    4   46.00
1987    5   39.10
1987    6   18.80
1987    7   38.20
1987    8   47.90
1987    9   42.20
1987   10   63.40
1987   11   48.80
1987   12   29.10
1988    1   70.50
1988    2   45.40
1988    3   91.20
1988    4  108.80
1988    5   74.20
1988    6  124.30
1988    7  131.40
1988    8  139.40
1988    9  142.70
1988   10  156.50
1988   11  156.80
1988   12  231.20
1989    1  210.10
1989    2  208.70
1989    3  170.40
1989    4  166.30
1989    5  195.40
1989    6  284.50
1989    7  180.50
1989    8  232.00
1989    9  225.10
1989   10  212.20
1989   11  238.20
1989   12  211.40
1990    1  227.40
1990    2  171.80
1990    3  191.70
1990    4  189.70
1990    5  175.20
1990    6  153.30
1990    7  191.10
1990    8  252.10
1990    9  169.10
1990   10  199.40
1990   11  178.80
1990   12  197.10
1991    1  195.30
1991    2  240.30
1991    3  197.00
1991    4  197.60
1991    5  166.90
1991    6  224.70
1991    7  240.20
1991    8  240.80
1991    9  168.90
1991   10  197.10
1991   11  159.50
1991   12  212.60
1992    1  198.30
1992    2  230.70
1992    3  151.00
1992    4  142.20
1992    5   94.30
1992    6   98.50
1992    7  114.20
1992    8   91.90
1992    9   94.00
1992   10  133.40
1992   11  129.60
1992   12  122.00
1993    1   81.40
1993    2  127.80
1993    3  102.40
1993    4   94.40
1993    5   78.80
1993    6   69.60
1993    7   80.40
1993    8   62.50
1993    9   31.20
1993   10   71.10
1993   11   48.20
1993   12   68.40
1994    1   84.90
1994    2   54.90
1994    3   47.50
1994    4   27.40
1994    5   29.80
1994    6   39.70
1994    7   50.60
1994    8   34.30
1994    9   40.50
1994   10   67.10
1994   11   29.50
1994   12   32.20
1995    1   32.60
1995    2   45.80
1995    3   46.30
1995    4   21.60
1995    5   19.40
1995    6   22.50
1995    7   20.40
1995    8   18.20
1995    9   15.70
1995   10   30.60
1995   11   14.00
1995   12   14.90
1996    1   13.30
1996    2    7.70
1996    3   12.60
1996    4    6.80
1996    5    7.60
1996    6   16.50
1996    7   11.80
1996    8   19.70
1996    9    3.00
1996   10    0.70
1996   11   24.90
1996   12   14.00
1997    1    7.40
1997    2   11.00
1997    3   12.10
1997    4   23.00
1997    5   25.40
1997    6   20.80
1997    7   12.90
1997    8   35.70
1997    9   59.70
1997   10   32.80
1997   11   50.40
1997   12   55.50
1998    1   44.50
1998    2   50.20
1998    3   82.00
1998    4   70.60
1998    5   74.00
1998    6   90.50
1998    7   96.70
1998    8  121.10
1998    9  132.00
1998   10   78.50
1998   11   97.30
1998   12  119.20
1999    1   86.00
1999    2   98.00
1999    3  103.50
1999    4   93.60
1999    5  149.60
1999    6  207.20
1999    7  173.50
1999    8  142.30
1999    9  106.30
1999   10  168.70
1999   11  188.30
1999   12  116.80
2000    1  133.10
2000    2  165.70
2000    3  217.70
2000    4  191.50
2000    5  165.90
2000    6  188.00
2000    7  244.30
2000    8  180.50
2000    9  156.00
2000   10  141.60
2000   11  158.10
2000   12  143.30
2001    1  142.60
2001    2  121.50
2001    3  165.80
2001    4  161.70
2001    5  142.10
2001    6  202.90
2001    7  123.00
2001    8  161.50
2001    9  238.20
2001   10  194.10
2001   11  176.60
2001   12  213.40
2002    1  184.60
2002    2  170.20
2002    3  147.10
2002    4  186.90
2002    5  187.50
2002    6  128.80
2002    7  161.00
2002    8  175.60
2002    9  187.90
2002   10  151.20
2002   11  147.20
2002   12  135.30
2003    1  133.50
2003    2   75.70
2003    3  100.70
2003    4   97.90
2003    5   86.80
2003    6  118.70
2003    7  128.30
2003    8  115.40
2003    9   78.50
2003   10   97.80
2003   11   82.90
2003   12   72.20
2004    1   60.60
2004    2   74.60
2004    3   74.80
2004    4   59.20
2004    5   72.80
2004    6   66.50
2004    7   83.80
2004    8   69.70
2004    9   48.80
2004   10   74.20
2004   11   70.10
2004   12   28.90
2005    1   48.10
2005    2   43.50
2005    3   39.60
2005    4   38.70
2005    5   61.90
2005    6   56.80
2005    7   62.40
2005    8   60.50
2005    9   37.20
2005   10   13.20
2005   11   27.50
2005   12   59.30
2006    1   20.90
2006    2    5.70
2006    3   17.30
2006    4   50.30
2006    5   37.20
2006    6   24.50
2006    7   22.20
2006    8   20.80
2006    9   23.70
2006   10   14.90
2006   11   35.70
2006   12   22.30
2007    1   29.30
2007    2   18.40
2007    3    7.20
2007    4    5.40
2007    5   19.50
2007    6   21.30
2007    7   15.10
2007    8    9.80
2007    9    4.00
2007   10    1.50
2007   11    2.80
2007   12   17.30
2008    1    4.10
2008    2    2.90
2008    3   15.50
2008    4    3.60
2008    5    4.60
2008    6    5.20
2008    7    0.60
2008    8    0.30
2008    9    1.20
2008   10    4.20
2008   11    6.60
2008   12    1.00
2009    1    1.30
2009    2    1.20
2009    3    0.60
2009    4    1.20
2009    5    2.90
2009    6    6.30
2009    7    5.50
2009    8    0.00
2009    9    7.10
2009   10    7.70
2009   11    6.90
2009   12   16.30
2010    1   19.50
2010    2   28.50
2010    3   24.00
2010    4   10.40
2010    5   13.90
2010    6   18.80
2010    7   25.20
2010    8   29.60
2010    9   36.40
2010   10   33.60
2010   11   34.40
2010   12   24.50
2011    1   27.30
2011    2   48.30
2011    3   78.60
2011    4   76.10
2011    5   58.20
2011    6   56.10
2011    7   64.50
2011    8   65.80
2011    9  120.10
2011   10  125.70
2011   11  139.10
2011   12  109.30
2012    1   94.40
2012    2   47.80
2012    3   86.60
2012    4   85.90
2012    5   96.50
2012    6   92.00
2012    7  100.10
2012    8   94.80
2012    9   93.70
2012   10   76.50
2012   11   87.60
2012   12   56.80
2013    1   96.10
2013    2   60.90
2013    3   78.30
2013    4  107.30
2013    5  120.20
2013    6   76.70
2013    7   86.20
2013    8   91.80
2013    9   54.50
2013   10  114.40
2013   11  113.90
2013   12  124.20
2014    1  117.00
2014    2  146.10
2014    3  128.70
2014    4  112.50
2014    5  112.50
2014    6  102.90
2014    7  100.20
2014    8  106.90
2014    9  130.00
2014   10   90.00
2014   11  103.60
2014   12  112.90
2015    1   93.00
2015    2   66.70
2015    3   54.50
2015    4   75.30
2015    5   88.80
2015    6   66.50
2015    7   65.80
2015    8   64.40
2015    9   78.60
2015   10   61.70
2015   11   63.20
2015   12   57.70
