1843    1   22.20
1843    2    5.90
1843    3   13.90
1843    4   15.80
1843    5   35.10
1843    6   17.60
1843    7   15.90
1843    8   19.60
1843    9    6.90
1843   10    8.90
1843   11   31.70
1843   12   21.20
1844    1   15.70
1844    2   24.50
1844    3   22.50
1844    4   34.60
1844    5   19.20
1844    6    6.20
1844    7   35.20
1844    8   39.70
1844    9   11.60
1844   10   35.90
1844   11   17.90
1844   12   36.00
1845    1   42.80
1845    2   72.80
1845    3   72.10
1845    4   95.00
1845    5   79.70
1845    6   51.80
1845    7   51.00
1845    8   53.90
1845    9   49.30
1845   10   67.80
1845   11   65.70
1845   12   99.50
1846    1   64.60
1846    2   84.90
1846    3  106.50
1846    4  115.50
1846    5   99.90
1846    6  108.40
1846    7   77.50
1846    8   91.30
1846    9  178.60
1846   10   93.40
1846   11  100.60
1846   12  109.10
1847    1  104.40
1847    2   74.90
1847    3  143.00
1847    4   74.60
1847    5  125.70
1847    6  142.20
1847    7   87.10
1847    8  234.30
1847    9  268.20
1847   10  300.60
1847   11  231.50
1847   12  182.60
1848    1  265.20
1848    2  186.40
1848    3  181.20
1848    4  178.60
1848    5  170.50
1848    6  214.90
1848    7  232.00
1848    8  220.90
1848    9  167.30
1848   10  220.60
1848   11  191.00
1848   12  265.80
1849    1  298.30
1849    2  250.30
1849    3  182.70
1849    4  194.70
1849    5  153.20
1849    6  154.20
1849    7  148.20
1849    8  128.60
1849    9  178.00
1849   10  135.70
1849   11  188.20
1849   12  184.30
1850    1  148.20
1850    2  169.80
1850    3  156.80
1850    4   83.80
1850    5  117.00
1850    6  133.00
1850    7   74.30
1850    8  117.00
1850    9  163.70
1850   10  134.90
1850   11  104.10
1850   12  115.90
1851    1  143.50
1851    2  200.10
1851    3  122.80
1851    4  107.30
1851    5  118.90
1851    6  120.00
1851    7   68.60
1851    8  109.00
1851    9  128.90
1851   10  118.70
1851   11   96.80
1851   12  135.50
1852    1  129.90
1852    2  126.20
1852    3  116.20
1852    4  124.30
1852    5  104.30
1852    6   89.00
1852    7   80.00
1852    8   75.30
1852    9   71.20
1852   10  127.90
1852   11  103.10
1852   12   86.10
1853    1   77.90
1853    2   81.50
1853    3   71.60
1853    4   90.40
1853    5   65.90
1853    6   76.00
1853    7   87.20
1853    8   95.80
1853    9   63.70
1853   10   80.50
1853   11   54.70
1853   12   44.50
1854    1   29.30
1854    2   38.00
1854    3   39.40
1854    4   50.30
1854    5   45.60
1854    6   40.10
1854    7   35.50
1854    8   30.10
1854    9   42.60
1854   10   24.10
1854   11   53.50
1854   12   41.10
1855    1   23.40
1855    2   21.60
1855    3   33.00
1855    4    8.40
1855    5   17.30
1855    6   10.00
1855    7    0.70
1855    8    5.90
1855    9    0.00
1855   10   18.30
1855   11    7.90
1855   12    5.80
1856    1    1.00
1856    2    9.30
1856    3    0.70
1856    4   12.40
1856    5    0.00
1856    6    9.80
1856    7    8.80
1856    8   11.30
1856    9    8.40
1856   10    8.50
1856   11   14.70
1856   12   13.70
1857    1   26.00
1857    2   14.20
1857    3   10.00
1857    4   21.10
1857    5   54.20
1857    6   30.50
1857    7   42.20
1857    8   32.00
1857    9   80.60
1857   10   77.10
1857   11   59.60
1857   12   70.70
1858    1   74.20
1858    2   66.30
1858    3  109.20
1858    4   72.80
1858    5   78.60
1858    6   84.50
1858    7  107.70
1858    8  104.90
1858    9  152.20
1858   10  173.20
1858   11   98.60
1858   12  127.00
1859    1  159.00
1859    2  166.40
1859    3  171.50
1859    4  162.90
1859    5  172.80
1859    6  165.20
1859    7  180.70
1859    8  203.00
1859    9  200.90
1859   10  217.80
1859   11  184.60
1859   12  153.90
1860    1  156.60
1860    2  167.90
1860    3  188.00
1860    4  135.70
1860    5  203.50
1860    6  206.30
1860    7  221.90
1860    8  190.50
1860    9  175.20
1860   10  171.10
1860   11  186.00
1860   12  181.70
1861    1  118.50
1861    2  147.50
1861    3  192.00
1861    4  187.10
1861    5  107.80
1861    6  167.50
1861    7  148.20
1861    8  156.70
1861    9  151.90
1861   10  127.70
1861   11  102.00
1861   12  152.80
1862    1  119.90
1862    2  122.40
1862    3   82.70
1862    4  102.10
1862    5  122.40
1862    6  159.70
1862    7  139.50
1862    8  118.70
1862    9  126.40
1862   10   79.80
1862   11   96.00
1862   12   77.60
1863    1   91.80
1863    2  107.70
1863    3  126.00
1863    4   77.10
1863    5  102.10
1863    6   77.60
1863    7   62.00
1863    8   91.30
1863    9   41.70
1863   10   75.70
1863   11   71.60
1863   12   78.10
1864    1  109.70
1864    2   89.50
1864    3  125.90
1864    4   68.10
1864    5   77.10
1864    6  109.90
1864    7  103.80
1864    8  104.10
1864    9   54.20
1864   10   64.40
1864   11  109.30
1864   12   54.30
1865    1   92.50
1865    2   74.60
1865    3   75.00
1865    4   55.90
1865    5   65.60
1865    6   63.80
1865    7   50.80
1865    8   71.80
1865    9   41.00
1865   10   32.50
1865   11   46.70
1865   12   24.30
1866    1   60.00
1866    2   72.90
1866    3   46.60
1866    4   33.50
1866    5   24.60
1866    6   31.40
1866    7   17.60
1866    8   24.20
1866    9   13.90
1866   10   26.80
1866   11   17.20
1866   12    2.90
1867    1    0.00
1867    2    1.40
1867    3   17.40
1867    4    9.70
1867    5    5.50
1867    6    2.80
1867    7    9.50
1867    8    9.10
1867    9   18.70
1867   10   25.50
1867   11   18.10
1867   12   47.90
1868    1   25.90
1868    2   26.30
1868    3   44.00
1868    4   61.10
1868    5   44.50
1868    6   51.80
1868    7   48.30
1868    8   57.30
1868    9   78.70
1868   10  102.80
1868   11   98.70
1868   12  112.80
1869    1  101.60
1869    2   99.90
1869    3   88.00
1869    4   68.40
1869    5  173.40
1869    6  180.70
1869    7   98.80
1869    8  132.70
1869    9  134.50
1869   10   99.00
1869   11  130.20
1869   12  174.10
1870    1  129.00
1870    2  191.70
1870    3  262.70
1870    4  266.90
1870    5  293.60
1870    6  226.30
1870    7  220.90
1870    8  256.50
1870    9  226.80
1870   10  244.30
1870   11  246.00
1870   12  216.70
1871    1  147.20
1871    2  209.00
1871    3  238.70
1871    4  270.90
1871    5  242.60
1871    6  152.90
1871    7  171.80
1871    8  183.70
1871    9  133.90
1871   10  148.50
1871   11  175.70
1871   12  150.80
1872    1  132.70
1872    2  200.30
1872    3  147.50
1872    4  170.40
1872    5  179.50
1872    6  183.30
1872    7  176.00
1872    8  155.00
1872    9  191.10
1872   10  171.20
1872   11  186.80
1872   12  139.90
1873    1  144.60
1873    2  178.40
1873    3  164.00
1873    4  127.10
1873    5   80.00
1873    6   74.80
1873    7  111.70
1873    8  113.80
1873    9   78.70
1873   10   78.60
1873   11   92.50
1873   12   82.00
1874    1  101.40
1874    2  107.10
1874    3   77.50
1874    4   53.50
1874    5   74.60
1874    6   63.80
1874    7  113.20
1874    8  102.30
1874    9   46.80
1874   10   57.40
1874   11   48.20
1874   12   48.80
1875    1   24.40
1875    2   35.90
1875    3   56.40
1875    4   48.60
1875    5   19.20
1875    6   39.90
1875    7   20.90
1875    8   24.40
1875    9    4.00
1875   10   21.30
1875   11   29.60
1875   12   16.50
1876    1   23.90
1876    2   25.10
1876    3   51.10
1876    4    3.90
1876    5    8.50
1876    6    2.70
1876    7   25.50
1876    8   14.80
1876    9   16.60
1876   10   23.90
1876   11   16.60
1876   12   13.60
1877    1   40.60
1877    2   14.50
1877    3   19.90
1877    4   26.30
1877    5   36.10
1877    6   23.60
1877    7   10.00
1877    8   10.50
1877    9   28.10
1877   10   11.20
1877   11   23.60
1877   12    3.50
1878    1    5.50
1878    2   11.00
1878    3   13.10
1878    4    0.20
1878    5    9.90
1878    6   10.70
1878    7    0.20
1878    8    0.00
1878    9    8.80
1878   10    1.90
1878   11    6.80
1878   12    0.90
1879    1    1.60
1879    2    0.90
1879    3    0.00
1879    4   10.40
1879    5    4.00
1879    6    8.00
