1774   12   20.30
1775    1    7.30
1775    2    0.00
1775    3   19.30
1775    4   18.70
1775    5    6.50
1775    6   20.50
1775    7    1.70
1775    8   13.20
1775    9    5.30
1775   10    9.30
1775   11   25.20
1775   12   13.20
1776    1   36.20
1776    2   19.30
1776    3   10.50
1776    4   36.30
1776    5   18.70
1776    6   31.70
1776    7    1.70
1776    8   40.30
1776    9   26.70
1776   10   50.00
1776   11   58.30
1776   12   66.70
1777    1   75.00
1777    2   60.80
1777    3   65.00
1777    4  159.20
1777    5  133.80
1777    6  134.50
1777    7  158.30
1777    8  186.70
1777    9  193.70
1777   10  177.50
1777   11  243.30
1777   12  262.20
1778    1  295.50
1778    2  182.20
1778    3  223.30
1778    4  241.70
1778    5  398.20
1778    6  286.00
1778    7  255.00
1778    8  233.30
1778    9  286.20
1778   10  260.50
1778   11  250.50
1778   12  175.00
1779    1  191.20
1779    2  276.20
1779    3  196.70
1779    4  241.70
1779    5  233.30
1779    6  189.50
1779    7  238.30
1779    8  186.70
1779    9  185.00
1779   10  206.70
1779   11  190.00
1779   12  183.30
1780    1  116.70
1780    2  163.30
1780    3  163.30
1780    4  158.30
1780    5  178.70
1780    6  146.70
1780    7  143.30
1780    8  143.30
1780    9  156.20
1780   10  128.30
1780   11  100.00
1780   12   97.80
1781    1  164.50
1781    2  124.50
1781    3   88.30
1781    4  113.80
1781    5  174.50
1781    6  162.80
1781    7  122.50
1781    8  110.00
1781    9   85.00
1781   10   45.50
1781   11  111.70
1781   12   58.70
1782    1   90.00
1782    2   62.50
1782    3   61.70
1782    4   68.30
1782    5   90.50
1782    6   63.30
1782    7   61.70
1782    8   73.30
1782    9   56.70
1782   10   38.70
1782   11   52.50
1782   12   50.00
1783    1   46.70
1783    2   64.50
1783    3   44.50
1783    4   47.20
1783    5   38.30
1783    6   42.00
1783    7   53.70
1783    8   33.30
1783    9   30.00
1783   10   13.30
1783   11   25.00
1783   12   17.50
1784    1   21.70
1784    2   13.30
1784    3   18.30
1784    4   16.70
1784    5   10.00
1784    6   15.00
1784    7   10.00
1784    8   16.70
1784    9   16.70
1784   10   13.30
1784   11   28.30
1784   12   23.30
1785    1   10.80
1785    2   13.30
1785    3   15.00
1785    4   26.20
1785    5   34.50
1785    6   43.80
1785    7   60.50
1785    8   33.30
1785    9   53.30
1785   10   78.70
1785   11   67.00
1785   12   45.50
1786    1   62.00
1786    2   79.30
1786    3   79.50
1786    4  142.30
1786    5  153.80
1786    6   98.30
1786    7  138.30
1786    8  149.50
1786    9  185.80
1786   10  187.20
1786   11  193.30
1786   12  187.80
1787    1  224.50
1787    2  176.70
1787    3  145.70
1787    4  212.00
1787    5  224.70
1787    6  165.30
1787    7  213.30
1787    8  228.70
1787    9  262.20
1787   10  261.70
1787   11  235.80
1787   12  290.00
1788    1  230.00
1788    2  215.30
1788    3  238.80
1788    4  180.80
1788    5  188.30
1788    6  257.00
1788    7  235.80
1788    8  226.70
1788    9  235.00
1788   10  236.70
1788   11  157.80
1788   12  215.80
1789    1  190.00
1789    2  208.80
1789    3  200.00
1789    4  205.50
1789    5  205.80
1789    6  200.00
1789    7  195.00
1789    8  171.70
1789    9  186.70
1789   10  149.50
1789   11  223.30
1789   12  225.80
1790    1  171.70
1790    2  212.50
1790    3  160.50
1790    4  156.70
1790    5  155.00
1790    6  151.70
1790    7  115.50
1790    8  145.00
1790    9  128.80
1790   10  140.50
1790   11  136.70
1790   12  123.30
1791    1  121.20
1791    2  103.30
1791    3  123.30
1791    4  128.70
1791    5  122.80
1791    6  107.00
1791    7  118.30
1791    8   71.70
1791    9  110.80
1791   10  102.80
1791   11  111.70
1791   12  110.00
1792    1   96.70
1792    2  106.70
1792    3  105.00
1792    4  126.20
1792    5  103.30
1792    6  101.70
1792    7   76.30
1792    8  100.00
1792    9   98.30
1792   10   98.30
1792   11   95.00
1792   12   93.30
1793    1   93.30
1793    2   91.70
1793    3   92.50
1793    4   88.30
1793    5   87.20
1793    6   85.00
1793    7   83.30
1793    8   48.80
1793    9   40.00
1793   10   78.30
1793   11   73.30
1793   12   76.20
1794    1   75.00
1794    2   73.30
1794    3   63.30
1794    4   47.30
1794    5   92.80
1794    6   69.20
1794    7   68.30
1794    8   66.70
1794    9   18.50
1794   10   47.50
1794   11  112.30
1794   12   85.70
1795    1   35.70
1795    2   66.50
1795    3   21.00
1795    4   31.00
1795    5   51.70
1795    6   28.50
1795    7   21.50
1795    8   42.80
1795    9   22.50
1795   10   32.50
1795   11   41.70
1795   12   30.00
1796    1   36.70
1796    2   39.70
1796    3   26.20
1796    4   52.80
1796    5   35.00
1796    6   11.20
1796    7   44.80
1796    8    2.50
1796    9   30.70
1796   10   18.30
1796   11   14.00
1796   12    8.50
1797    1   24.00
1797    2    7.00
1797    3    6.70
1797    4    6.70
1797    5   12.20
1797    6   18.50
1797    7    7.20
1797    8   10.00
1797    9    9.50
1797   10   11.50
1797   11    9.70
1797   12    5.00
1798    1    3.30
1798    2    6.70
1798    3   20.70
1798    4    1.80
1798    5    0.00
1798    6    0.00
1798    7    0.00
1798    8    5.00
1798    9    4.00
1798   10    2.50
1798   11   20.80
1798   12   16.50
1799    1    2.70
1799    2   21.00
1799    3   36.20
1799    4   14.00
1799    5   13.70
1799    6   17.70
1799    7    3.50
1799    8    0.00
1799    9    0.00
1799   10    7.70
1799   11    4.50
1799   12   14.30
1800    1   11.50
1800    2   15.50
1800    3   23.20
1800    4    0.00
1800    5    8.30
1800    6   39.50
1800    7   35.00
1800    8   32.50
1800    9   19.20
1800   10   20.50
1800   11   17.50
1800   12   66.80
1801    1   45.00
1801    2   48.30
1801    3   50.00
1801    4   51.70
1801    5   53.30
1801    6   52.00
1801    7   58.30
1801    8   64.50
1801    9   55.80
1801   10   54.30
1801   11   66.30
1801   12   80.30
1802    1   79.70
1802    2   78.30
1802    3   68.00
1802    4   70.00
1802    5   73.30
1802    6   76.70
1802    7   80.00
1802    8   83.30
1802    9   86.30
1802   10   64.20
1802   11   57.50
1802   12   83.30
1803    1   83.30
1803    2   84.70
1803    3   49.20
1803    4   41.70
1803    5   73.80
1803    6   60.00
1803    7   80.50
1803    8   56.80
1803    9   75.50
1803   10   90.50
1803   11   85.00
1803   12   80.00
1804    1   75.50
1804    2   80.50
1804    3   80.00
1804    4   84.30
1804    5   55.70
1804    6   58.00
1804    7   49.70
1804    8   71.80
1804    9   88.30
1804   10  103.80
1804   11  101.70
1804   12  100.00
1805    1  101.70
1805    2   73.50
1805    3   85.70
1805    4   62.50
1805    5   65.00
1805    6   67.50
1805    7   62.70
1805    8   71.20
1805    9   74.00
1805   10   49.00
1805   11   68.30
1805   12   63.80
1806    1   65.00
1806    2   49.30
1806    3   54.50
1806    4   46.20
1806    5   44.00
1806    6   42.70
1806    7   50.00
1806    8   43.80
1806    9   40.00
1806   10   45.00
1806   11   41.70
1806   12   40.00
1807    1   20.00
1807    2   20.30
1807    3   16.00
1807    4   39.70
1807    5   16.70
1807    6   20.00
1807    7   21.20
1807    8   20.00
1807    9    9.50
1807   10   13.30
1807   11    4.30
1807   12    0.00
1808    1    0.00
1808    2    7.50
1808    3    0.00
1808    4   20.50
1808    5   22.50
1808    6   22.50
1808    7   11.20
1808    8   13.30
1808    9   19.50
1808   10    7.80
1808   11   17.50
1808   12   20.50
1809    1   12.00
1809    2   15.30
1809    3    1.50
1809    4    4.20
1809    5    3.30
1809    6   12.80
1809    7    0.50
1809    8    0.30
1809    9    0.70
1809   10    0.00
1809   11    0.00
1809   12    0.00
1810    1    0.00
1810    2    0.00
1810    3    0.00
1810    4    0.00
1810    5    0.00
1810    6    0.00
1810    7    0.00
1810    8    0.00
1810    9    0.00
1810   10    0.00
1810   11    0.00
1810   12    0.00
1811    1    0.00
1811    2    0.00
1811    3    0.00
1811    4    0.00
1811    5    0.00
1811    6    0.00
