1913    1    3.80
1913    2    4.80
1913    3    0.80
1913    4    1.60
1913    5    0.00
1913    6    0.00
1913    7    2.90
1913    8    0.40
1913    9    2.00
1913   10    5.20
1913   11    1.20
1913   12    6.30
1914    1    4.70
1914    2    4.40
1914    3    5.30
1914    4   28.90
1914    5    8.70
1914    6   19.10
1914    7    9.10
1914    8   12.90
1914    9   21.20
1914   10   13.70
1914   11   27.30
1914   12   37.30
1915    1   38.50
1915    2   70.40
1915    3   64.80
1915    4   68.90
1915    5   55.10
1915    6  114.70
1915    7  119.40
1915    8  116.00
1915    9   82.40
1915   10   89.10
1915   11   70.90
1915   12   57.50
1916    1   75.50
1916    2   92.40
1916    3  111.70
1916    4  119.80
1916    5  124.00
1916    6  112.90
1916    7   89.30
1916    8   58.60
1916    9   75.10
1916   10   84.50
1916   11  109.50
1916   12   88.30
1917    1  124.50
1917    2  119.90
1917    3  158.00
1917    4  124.60
1917    5  190.20
1917    6  191.40
1917    7  199.70
1917    8  257.70
1917    9  215.60
1917   10  120.30
1917   11  160.70
1917   12  215.50
1918    1  160.00
1918    2  108.70
1918    3  120.40
1918    4  134.10
1918    5  127.90
1918    6   99.00
1918    7  179.50
1918    8  169.60
1918    9  133.20
1918   10  141.70
1918   11  139.00
1918   12   98.50
1919    1   80.20
1919    2  132.50
1919    3  110.90
1919    4   86.30
1919    5  146.90
1919    6  185.30
1919    7  107.80
1919    8  115.10
1919    9   91.10
1919   10   88.00
1919   11   69.90
1919   12   58.00
1920    1   85.30
1920    2   89.80
1920    3  116.90
1920    4   24.70
1920    5   55.40
1920    6   64.60
1920    7   45.70
1920    8   31.90
1920    9   60.50
1920   10   82.70
1920   11   45.30
1920   12   49.80
1921    1   52.50
1921    2   47.10
1921    3   44.50
1921    4   54.00
1921    5   37.00
1921    6   56.20
1921    7   69.70
1921    8   38.00
1921    9   29.60
1921   10   30.30
1921   11   29.60
1921   12   33.90
1922    1   19.70
1922    2   43.90
1922    3   91.30
1922    4   18.30
1922    5   13.40
1922    6    9.80
1922    7   18.30
1922    8   10.90
1922    9    7.80
1922   10   10.40
1922   11   12.20
1922   12   29.00
1923    1    7.50
1923    2    2.50
1923    3    5.50
1923    4   10.20
1923    5    5.30
1923    6   15.30
1923    7    5.90
1923    8    0.80
1923    9   22.10
1923   10   19.50
1923   11   16.70
1923   12    4.60
1924    1    0.80
1924    2    8.50
1924    3    3.00
1924    4   18.90
1924    5   34.60
1924    6   40.00
1924    7   46.90
1924    8   32.10
1924    9   41.90
1924   10   42.60
1924   11   37.50
1924   12   27.50
1925    1    9.10
1925    2   38.60
1925    3   30.00
1925    4   53.00
1925    5   71.40
1925    6   79.10
1925    7   64.20
1925    8   63.30
1925    9  100.30
1925   10  115.30
1925   11   97.60
1925   12  164.40
1926    1  119.70
1926    2  116.40
1926    3  104.20
1926    4   64.20
1926    5  107.00
1926    6  122.40
1926    7   87.20
1926    8  102.70
1926    9  101.40
1926   10  119.30
1926   11  100.80
1926   12  132.40
1927    1  136.00
1927    2  155.10
1927    3  116.10
1927    4  155.80
1927    5  131.90
1927    6   98.50
1927    7   91.60
1927    8   89.60
1927    9  114.10
1927   10  105.20
1927   11  112.10
1927   12   75.30
1928    1  139.20
1928    2  122.40
1928    3  142.40
1928    4  134.30
1928    5  128.30
1928    6  152.40
1928    7  163.40
1928    8  139.60
1928    9  149.60
1928   10  102.30
1928   11   83.90
1928   12   98.30
1929    1  114.80
1929    2  104.70
1929    3   83.80
1929    4   87.90
1929    5   97.00
1929    6  119.90
1929    7  117.10
1929    8  109.60
1929    9   57.30
1929   10   90.10
1929   11  135.10
1929   12  179.90
1930    1  108.80
1930    2   83.10
1930    3   58.40
1930    4   63.70
1930    5   61.40
1930    6   48.00
1930    7   36.50
1930    8   41.50
1930    9   53.50
1930   10   57.20
1930   11   59.40
1930   12   43.00
1931    1   24.40
1931    2   71.80
1931    3   50.10
1931    4   52.00
1931    5   40.80
1931    6   25.50
1931    7   29.00
1931    8   21.60
1931    9   31.70
1931   10   16.60
1931   11   31.20
1931   12   29.70
1932    1   20.10
1932    2   17.60
1932    3   18.80
1932    4   18.70
1932    5   29.70
1932    6   36.90
1932    7   16.00
1932    8   11.30
1932    9    6.60
1932   10   14.80
1932   11   13.70
1932   12   18.50
1933    1   20.40
1933    2   36.90
1933    3   16.80
1933    4    4.90
1933    5    5.30
1933    6    8.70
1933    7    4.70
1933    8    0.40
1933    9    8.50
1933   10    5.00
1933   11    1.00
1933   12    0.40
1934    1    5.70
1934    2   12.90
1934    3    7.20
1934    4   18.80
1934    5   32.90
1934    6   11.20
1934    7   15.30
1934    8   13.90
1934    9    6.70
1934   10    9.50
1934   11   14.50
1934   12   25.70
1935    1   31.10
1935    2   34.10
1935    3   38.50
1935    4   20.40
1935    5   45.40
1935    6   76.20
1935    7   56.50
1935    8   50.20
1935    9   70.10
1935   10   88.70
1935   11  107.00
1935   12  102.50
1936    1  104.70
1936    2  123.90
1936    3  128.40
1936    4  124.80
1936    5   90.90
1936    6  116.70
1936    7   87.20
1936    8  145.00
1936    9  126.70
1936   10  148.20
1936   11  192.30
1936   12  205.60
1937    1  220.90
1937    2  214.10
1937    3  139.70
1937    4  182.20
1937    5  194.40
1937    6  217.10
1937    7  241.80
1937    8  229.50
1937    9  167.90
1937   10  208.20
1937   11  123.90
1937   12  147.90
1938    1  164.00
1938    2  198.60
1938    3  144.20
1938    4  168.40
1938    5  212.30
1938    6  162.60
1938    7  275.60
1938    8  192.80
1938    9  149.30
1938   10  165.30
1938   11  203.60
1938   12  154.70
1939    1  133.90
1939    2  129.00
1939    3  107.80
1939    4  181.90
1939    5  197.30
1939    6  168.30
1939    7  162.60
1939    8  176.30
1939    9  187.70
1939   10  146.90
1939   11  113.70
1939   12   70.20
1940    1   84.10
1940    2   99.10
1940    3  138.90
1940    4  101.10
1940    5   90.60
1940    6  139.80
1940    7  112.50
1940    8  175.90
1940    9  110.80
1940   10   91.50
1940   11   97.40
1940   12  113.80
1941    1   76.10
1941    2   74.30
1941    3   77.50
1941    4   54.60
1941    5   49.00
1941    6   99.60
1941    7  111.40
1941    8  100.10
1941    9  109.80
1941   10   77.20
1941   11   64.00
1941   12   56.20
1942    1   59.50
1942    2   87.90
1942    3   90.40
1942    4  101.20
1942    5   41.80
1942    6   18.90
1942    7   29.60
1942    8   33.70
1942    9   28.70
1942   10   32.00
1942   11   51.30
1942   12   37.60
1943    1   20.70
1943    2   48.10
1943    3   45.70
1943    4   43.50
1943    5   23.60
1943    6   12.70
1943    7   22.00
1943    8   32.30
1943    9   16.70
1943   10   13.00
1943   11   17.00
1943   12   31.40
1944    1    6.10
1944    2    0.80
1944    3   18.30
1944    4    0.40
1944    5    4.10
1944    6    8.20
1944    7    8.50
1944    8   27.90
